9.689404,21.714428,9.689404,9.689404,9.689404
9.404043,21.737478,10.989005,9.404043,9.404043
9.689404,21.669186,9.689404,9.689404,9.689404
9.404043,22.020974,10.141008,9.404043,9.404043
9.725810,18.643679,9.725810,9.725810,9.725810
9.689404,22.807426,9.689404,9.689404,9.689404
9.689404,21.510779,9.689404,9.689404,9.689404
9.404043,22.345274,10.626435,9.404043,9.404043
9.689404,22.355702,9.689404,9.689404,9.689404
9.689404,21.120031,9.689404,9.689404,9.689404
9.689404,21.308554,9.689404,9.689404,9.689404
9.725810,10.948202,9.725810,9.725810,9.725810
9.404043,22.206357,11.519520,9.404043,9.404043
9.689404,21.635457,9.689404,9.689404,9.689404
9.689404,22.399134,9.689404,9.689404,9.689404
9.689404,22.555331,9.689404,9.689404,9.689404
9.689404,23.536690,9.689404,9.689404,9.689404
9.404043,22.289803,10.989005,9.404043,9.404043
9.689404,22.194967,9.689404,9.689404,9.689404
9.404043,21.405568,10.141008,9.404043,9.404043
9.404043,21.956792,10.626435,9.404043,9.404043
9.689404,21.990614,9.689404,9.689404,9.689404
9.689404,21.488281,9.689404,9.689404,9.689404
9.404043,23.138223,11.906543,9.404043,9.404043
9.689404,22.920575,9.689404,9.689404,9.689404
9.689404,22.428692,9.689404,9.689404,9.689404
9.689404,21.814925,9.689404,9.689404,9.689404
9.404043,20.797612,9.404043,9.404043,10.141008
9.689404,22.808940,9.689404,9.689404,9.689404
9.689404,21.162264,9.689404,9.689404,9.689404
9.689404,22.001436,9.689404,9.689404,9.689404
9.725810,19.714968,9.725810,9.725810,9.725810
9.689404,21.526375,9.689404,9.689404,9.689404
9.689404,20.914009,9.689404,9.689404,9.689404
9.689404,22.984551,9.689404,9.689404,9.689404
9.689404,21.356368,9.689404,9.689404,9.689404
9.689404,23.214966,9.689404,9.689404,9.689404
9.689404,21.908875,9.689404,9.689404,9.689404
9.689404,21.501448,9.689404,9.689404,9.689404
9.689404,21.994421,9.689404,9.689404,9.689404
9.689404,23.137219,9.689404,9.689404,9.689404
9.689404,21.347764,9.689404,9.689404,9.689404
9.689404,21.746155,9.689404,9.689404,9.689404
9.689404,22.147041,9.689404,9.689404,9.689404
9.689404,21.656510,9.689404,9.689404,9.689404
9.689404,20.306871,9.689404,9.689404,9.689404
9.689404,22.459448,9.689404,9.689404,9.689404
9.689404,21.883443,9.689404,9.689404,9.689404
9.689404,21.071848,9.689404,9.689404,9.689404
9.689404,21.722712,9.689404,9.689404,9.689404
9.689404,21.778965,9.689404,9.689404,9.689404
9.689404,22.266754,9.689404,9.689404,9.689404
9.689404,21.939604,9.689404,9.689404,9.689404
9.689404,21.168679,9.689404,9.689404,9.689404
9.689404,20.682106,9.689404,9.689404,9.689404
9.689404,21.522689,9.689404,9.689404,9.689404
9.689404,22.323383,9.689404,9.689404,9.689404
9.689404,21.892446,9.689404,9.689404,9.689404
9.689404,23.429712,9.689404,9.689404,9.689404
9.689404,23.290749,9.689404,9.689404,9.689404
9.404043,22.316371,10.626435,9.404043,9.404043
9.689404,22.122555,9.689404,9.689404,9.689404
9.689404,21.529001,9.689404,9.689404,9.689404
9.689404,21.174730,9.689404,9.689404,9.689404
9.689404,21.439413,9.689404,9.689404,9.689404
9.404043,23.583719,14.533326,9.404043,9.404043
9.689404,22.272565,9.689404,9.689404,9.689404
9.689404,21.786448,9.689404,9.689404,9.689404
9.689404,22.951450,9.689404,9.689404,9.689404
9.689404,22.098707,9.689404,9.689404,9.689404
9.689404,21.619772,9.689404,9.689404,9.689404
9.689404,22.238788,9.689404,9.689404,9.689404
9.689404,22.687583,9.689404,9.689404,9.689404
9.689404,21.745477,9.689404,9.689404,9.689404
9.689404,22.502985,9.689404,9.689404,9.689404
9.404043,21.667214,10.141008,9.404043,9.404043
9.689404,21.314656,9.689404,9.689404,9.689404
9.689404,22.790778,9.689404,9.689404,9.689404
9.689404,23.080334,9.689404,9.689404,9.689404
9.689404,22.500578,9.689404,9.689404,9.689404
9.689404,21.601919,9.689404,9.689404,9.689404
9.689404,22.124987,9.689404,9.689404,9.689404
9.689404,22.855829,9.689404,9.689404,9.689404
9.404043,23.376335,12.067008,9.404043,9.404043
9.689404,22.841425,9.689404,9.689404,9.689404
9.404043,21.463275,10.141008,9.404043,9.404043
9.689404,23.226582,9.689404,9.689404,9.689404
9.689404,21.491786,9.689404,9.689404,9.689404
9.689404,21.483955,9.689404,9.689404,9.689404
9.689404,21.497430,9.689404,9.689404,9.689404
9.689404,21.959991,9.689404,9.689404,9.689404
9.689404,22.822707,9.689404,9.689404,9.689404
9.404043,22.218692,10.989005,9.404043,9.404043
9.689404,21.523216,9.689404,9.689404,9.689404
9.689404,22.027676,9.689404,9.689404,9.689404
9.689404,23.274484,9.689404,9.689404,9.689404
9.689404,22.467002,9.689404,9.689404,9.689404
9.689404,21.495819,9.689404,9.689404,9.689404
9.689404,21.681516,9.689404,9.689404,9.689404
9.689404,21.479888,9.689404,9.689404,9.689404
9.404043,24.021759,11.725971,9.404043,9.404043
9.689404,21.726837,9.689404,9.689404,9.689404
9.689404,22.491988,9.689404,9.689404,9.689404
9.689404,21.586619,9.689404,9.689404,9.689404
9.689404,21.964073,9.689404,9.689404,9.689404
9.404043,22.395033,10.141008,9.404043,9.404043
9.689404,22.163870,9.689404,9.689404,9.689404
9.689404,21.674178,9.689404,9.689404,9.689404
9.689404,22.349177,9.689404,9.689404,9.689404
9.689404,22.841108,9.689404,9.689404,9.689404
9.404043,23.741827,11.725971,9.404043,9.404043
9.689404,21.654828,9.689404,9.689404,9.689404
9.689404,23.254387,9.689404,9.689404,9.689404
9.689404,22.756334,9.689404,9.689404,9.689404
9.404043,22.985361,10.141008,9.404043,9.404043
9.689404,22.655609,9.689404,9.689404,9.689404
9.404043,22.979149,12.677061,9.404043,9.404043
9.689404,21.366683,9.689404,9.689404,9.689404
9.689404,21.185092,9.689404,9.689404,9.689404
9.689404,22.675779,9.689404,9.689404,9.689404
9.689404,23.217329,9.689404,9.689404,9.689404
9.725810,14.882315,9.725810,9.725810,9.725810
9.689404,23.002807,9.689404,9.689404,9.689404
9.689404,22.202391,9.689404,9.689404,9.689404
9.404043,22.265711,10.989005,9.404043,9.404043
9.404043,23.634789,11.278512,9.404043,9.404043
9.689404,22.308325,9.689404,9.689404,9.689404
9.689404,21.380420,9.689404,9.689404,9.689404
9.404043,23.242557,14.505581,9.404043,9.404043
9.689404,22.200910,9.689404,9.689404,9.689404
9.689404,21.531885,9.689404,9.689404,9.689404
9.689404,19.940097,9.689404,9.689404,9.689404
9.725810,19.694957,9.725810,9.725810,9.725810
9.689404,20.168847,9.689404,9.689404,9.689404
9.689404,19.965141,9.689404,9.689404,9.689404
9.689404,19.903318,9.689404,9.689404,9.689404
9.689404,21.077601,9.689404,9.689404,9.689404
9.725810,16.123841,9.725810,9.725810,10.948202
9.689404,20.094191,9.689404,9.689404,9.689404
9.689404,20.193561,9.689404,9.689404,9.689404
9.689404,20.048055,9.689404,9.689404,9.689404
9.689404,20.312981,9.689404,9.689404,9.689404
9.725810,19.735639,9.725810,9.725810,9.725810
9.404043,20.883991,11.278512,9.404043,9.404043
9.689404,20.279679,9.689404,9.689404,9.689404
9.689404,20.723974,9.689404,9.689404,9.689404
9.689404,20.862873,9.689404,9.689404,9.689404
9.689404,20.131311,9.689404,9.689404,9.689404
9.689404,19.852215,9.689404,9.689404,9.689404
9.689404,20.418741,9.689404,9.689404,9.689404
9.689404,20.974228,9.689404,9.689404,9.689404
9.427912,19.811976,11.749840,9.427912,9.427912
9.404043,19.939642,9.404043,9.404043,10.141008
9.689404,19.865577,9.689404,9.689404,9.689404
9.689404,20.669305,9.689404,9.689404,9.689404
9.689404,20.362124,9.689404,9.689404,9.689404
9.689404,20.760643,9.689404,9.689404,9.689404
9.689404,21.316786,9.689404,9.689404,9.689404
9.725810,19.783351,9.725810,9.725810,9.725810
9.689404,20.357994,9.689404,9.689404,9.689404
9.689404,21.037948,9.689404,9.689404,9.689404
9.689404,20.362124,9.689404,9.689404,9.689404
9.689404,20.128542,9.689404,9.689404,9.689404
9.404043,20.462711,10.141008,9.404043,9.404043
9.689404,19.931387,9.689404,9.689404,9.689404
9.200074,19.812020,12.369999,9.200074,9.937039
9.689404,19.969788,9.689404,9.689404,9.689404
9.689404,20.958336,9.689404,9.689404,9.689404
9.689404,19.864746,9.689404,9.689404,9.689404
9.689404,20.447350,9.689404,9.689404,9.689404
9.689404,20.076344,9.689404,9.689404,9.689404
9.689404,20.870763,9.689404,9.689404,9.689404
9.689404,22.270526,9.689404,9.689404,9.689404
9.689404,20.847382,9.689404,9.689404,9.689404
9.689404,21.337612,9.689404,9.689404,9.689404
9.689404,20.455104,9.689404,9.689404,9.689404
9.689404,21.659630,9.689404,9.689404,9.689404
9.689404,21.998786,9.689404,9.689404,9.689404
9.689404,21.092949,9.689404,9.689404,9.689404
9.689404,22.847330,9.689404,9.689404,9.689404
9.689404,21.784691,9.689404,9.689404,9.689404
13.703698,26.008888,9.497794,7.623325,8.845717
6.355193,23.091355,10.784504,4.480723,9.124580
9.689404,20.668353,9.689404,9.689404,9.689404
9.279003,25.536402,8.626926,7.404534,9.279003
9.241081,24.862536,10.760456,6.919153,8.504116
12.860207,26.637024,9.447824,6.945324,7.682289
6.882730,21.390834,13.550433,6.882730,9.204658
9.831000,23.842217,9.358931,5.989697,9.159622
9.689404,24.623110,9.689404,9.689404,9.689404
10.483069,23.771244,9.383533,4.991216,6.865685
9.945253,25.811165,9.497794,7.623325,9.208287
9.862822,25.012576,9.475799,7.360322,8.582714
3.783302,21.244726,10.123152,4.676387,9.110373
9.404043,24.595346,10.626435,9.404043,9.404043
18.298850,27.355595,9.681934,8.944968,8.944968
11.115130,26.270849,9.530168,7.945205,9.167598
7.945395,23.361869,9.396056,5.623467,10.228329
9.404043,24.671719,9.404043,9.404043,10.141008
9.689404,22.484429,9.689404,9.689404,9.689404
10.427076,24.782835,7.257151,6.520185,9.183150
8.841937,26.339908,11.163865,8.104971,9.327363
12.531103,27.028762,9.426767,8.689801,9.426767
12.865005,24.816792,9.430774,6.623419,7.845812
4.989728,21.011901,10.680890,4.989728,9.132686
5.182053,19.812263,9.663179,5.182053,9.746837
6.090585,20.475048,10.527084,2.797803,9.108870
5.517086,19.812267,10.160942,4.780121,10.293190
7.690000,22.645362,10.011928,7.690000,9.274962
18.190178,26.392406,8.912392,7.690000,9.274962
13.186372,19.812276,9.638966,2.785137,5.955062
9.404043,24.721043,10.141008,9.404043,9.404043
8.841937,26.224039,9.979440,8.104971,9.327363
8.841937,24.991084,9.979440,8.104971,9.327363
9.205718,24.030766,8.382596,6.267119,9.726551
16.061917,25.136200,9.475799,7.360322,8.097287
11.492203,19.812276,9.799147,2.612620,6.958395
3.917604,20.911492,11.166586,2.332641,9.109623
12.382611,25.315175,9.530168,7.945205,8.682171
11.035992,23.255400,9.399956,5.775465,7.649934
7.501144,21.384745,10.095692,4.442250,9.124074
8.757199,25.401320,11.672807,6.882730,9.204658
9.404043,24.120666,10.141008,9.404043,9.404043
9.800917,25.271016,9.459880,7.137952,8.722915
14.996821,26.008712,7.690000,7.690000,9.274962
9.689404,23.062586,9.689404,9.689404,9.689404
9.689404,23.129538,9.689404,9.689404,9.689404
9.689404,24.013561,9.689404,9.689404,9.689404
9.689404,22.799398,9.689404,9.689404,9.689404
9.426767,21.958489,9.912194,8.689801,9.426767
9.689404,22.769278,9.689404,9.689404,9.689404
9.404043,22.426931,10.141008,9.404043,9.404043
9.689404,23.245072,9.689404,9.689404,9.689404
7.368111,21.321914,10.427005,7.368111,9.242580
9.689404,21.953358,9.689404,9.689404,9.689404
8.104971,21.601284,12.709833,8.104971,9.327363
9.689404,23.258824,9.689404,9.689404,9.689404
9.689404,23.435813,9.689404,9.689404,9.689404
9.689404,23.126679,9.689404,9.689404,9.689404
9.689404,23.126766,9.689404,9.689404,9.689404
9.689404,23.090328,9.689404,9.689404,9.689404
9.689404,22.655128,9.689404,9.689404,9.689404
9.689404,23.036702,9.689404,9.689404,9.689404
9.689404,22.958872,9.689404,9.689404,9.689404
9.689404,24.132455,9.689404,9.689404,9.689404
9.689404,24.421059,9.689404,9.689404,9.689404
9.689404,23.217573,9.689404,9.689404,9.689404
9.689404,23.920150,9.689404,9.689404,9.689404
9.689404,23.415729,9.689404,9.689404,9.689404
9.689404,24.137370,9.689404,9.689404,9.689404
9.689404,24.144710,9.689404,9.689404,9.689404
9.689404,23.499607,9.689404,9.689404,9.689404
9.404043,23.827356,10.989005,9.404043,9.404043
9.404043,23.278608,9.404043,9.404043,10.626435
9.689404,24.624124,9.689404,9.689404,9.689404
9.689404,23.359876,9.689404,9.689404,9.689404
9.404043,23.071413,9.404043,9.404043,11.519520
9.689404,24.577243,9.689404,9.689404,9.689404
9.689404,24.264372,9.689404,9.689404,9.689404
9.689404,24.658716,9.689404,9.689404,9.689404
9.689404,23.621526,9.689404,9.689404,9.689404
9.689404,23.621465,9.689404,9.689404,9.689404
9.689404,22.814441,9.689404,9.689404,9.689404
9.689404,24.243453,9.689404,9.689404,9.689404
10.626435,23.176048,9.404043,9.404043,9.404043
9.404043,23.615297,11.278512,9.404043,9.404043
9.689404,23.301005,9.689404,9.689404,9.689404
9.689404,23.717396,9.689404,9.689404,9.689404
9.404043,24.257596,10.141008,9.404043,9.404043
9.404043,22.821939,9.404043,9.404043,10.141008
9.689404,24.719223,9.689404,9.689404,9.689404
9.689404,24.169584,9.689404,9.689404,9.689404
9.689404,20.573829,9.689404,9.689404,9.689404
9.404043,24.343239,11.278512,9.404043,9.404043
9.689404,23.687554,9.689404,9.689404,9.689404
9.404043,23.182154,9.404043,9.404043,12.342642
11.906543,24.385060,9.404043,9.404043,9.404043
9.689404,23.592941,9.689404,9.689404,9.689404
9.689404,23.722397,9.689404,9.689404,9.689404
9.689404,23.727837,9.689404,9.689404,9.689404
9.689404,21.341203,9.689404,9.689404,9.689404
9.689404,24.452979,9.689404,9.689404,9.689404
9.404043,23.793114,9.404043,9.404043,10.989005
9.689404,24.585247,9.689404,9.689404,9.689404
9.689404,22.799071,9.689404,9.689404,9.689404
9.689404,22.469192,9.689404,9.689404,9.689404
9.689404,24.321623,9.689404,9.689404,9.689404
9.689404,23.926390,9.689404,9.689404,9.689404
9.689404,23.518895,9.689404,9.689404,9.689404
9.689404,22.943596,9.689404,9.689404,9.689404
9.689404,24.528001,9.689404,9.689404,9.689404
9.689404,23.718893,9.689404,9.689404,9.689404
9.689404,23.214150,9.689404,9.689404,9.689404
9.689404,24.479973,9.689404,9.689404,9.689404
9.689404,24.579874,9.689404,9.689404,9.689404
9.689404,23.941700,9.689404,9.689404,9.689404
8.944968,22.581102,9.681934,8.944968,13.626792
9.689404,23.872548,9.689404,9.689404,9.689404
9.689404,23.204816,9.689404,9.689404,9.689404
9.404043,23.041536,9.404043,9.404043,13.310933
9.689404,24.857671,9.689404,9.689404,9.689404
9.404043,23.080992,9.404043,9.404043,10.989005
9.689404,24.043722,9.689404,9.689404,9.689404
9.689404,23.159003,9.689404,9.689404,9.689404
8.944968,23.335070,9.681934,8.944968,9.681934
9.689404,23.342286,9.689404,9.689404,9.689404
9.689404,24.201383,9.689404,9.689404,9.689404
9.689404,24.318362,9.689404,9.689404,9.689404
9.689404,24.479090,9.689404,9.689404,9.689404
9.404043,23.320700,9.404043,9.404043,11.906543
9.689404,24.303366,9.689404,9.689404,9.689404
9.689404,23.670704,9.689404,9.689404,9.689404
9.689404,23.542096,9.689404,9.689404,9.689404
9.945126,24.165160,9.582556,8.360164,8.360164
10.141008,25.378226,9.404043,9.404043,9.404043
8.944968,24.692558,9.681934,8.944968,9.681934
8.689801,24.471716,11.192301,8.689801,9.426767
12.267181,23.379872,9.497794,8.360290,7.623325
9.404043,25.138161,11.906543,9.404043,9.404043
9.404043,25.223515,10.989005,9.404043,9.404043
9.404043,25.097339,13.176632,9.404043,9.404043
9.404043,25.400273,12.948363,9.404043,9.404043
10.819753,23.115775,9.475799,7.360322,7.360322
8.689801,24.657665,10.274764,8.689801,9.426767
9.689404,25.548656,9.689404,9.689404,9.689404
11.323764,23.477893,9.497794,7.623325,8.360290
9.404043,25.172873,10.141008,9.404043,9.404043
9.530168,24.023669,9.530168,7.945205,9.167598
9.404043,25.328987,10.141008,9.404043,9.404043
7.368111,23.073123,11.209414,7.368111,9.242580
6.230694,22.107699,10.985582,6.230694,9.169294
9.426767,24.472842,9.912194,8.689801,9.426767
9.404043,25.270026,12.067008,9.404043,9.404043
9.311383,23.582271,10.228921,7.726421,8.463387
9.725810,12.998829,9.725810,9.725810,9.725810
9.725810,13.567112,9.725810,9.725810,9.725810
9.725810,12.784704,9.725810,9.725810,9.725810
9.725810,14.550238,9.725810,9.725810,9.725810
9.725810,14.855093,9.725810,9.725810,9.725810
9.725810,15.656547,9.725810,10.462776,9.725810
9.725810,15.471764,9.725810,9.725810,9.725810
9.725810,14.882315,9.725810,10.462776,9.725810
9.725810,14.163215,9.725810,9.725810,9.725810
9.725810,14.480698,9.725810,9.725810,9.725810
9.725810,12.895735,9.725810,9.725810,9.725810
9.725810,15.300719,9.725810,9.725810,9.725810
9.725810,13.426250,9.725810,9.725810,9.725810
9.725810,11.841287,9.725810,9.725810,9.725810
9.725810,11.310773,9.725810,9.725810,9.725810
9.725810,14.290595,9.725810,9.725810,9.725810
9.725810,13.695436,9.725810,9.725810,9.725810
9.725810,12.664409,9.725810,9.725810,9.725810
9.725810,15.129532,9.725810,9.725810,9.725810
9.725810,13.095044,9.725810,9.725810,9.725810
9.725810,13.270131,9.725810,9.725810,9.725810
9.725810,11.310773,9.725810,9.725810,9.725810
9.725810,12.533165,9.725810,9.725810,9.725810
9.725810,12.228310,9.725810,9.725810,9.725810
9.725810,12.228310,9.725810,9.725810,9.725810
9.725810,11.841287,9.725810,9.725810,9.725810
9.725810,10.462776,9.725810,9.725810,9.725810
9.725810,12.895735,9.725810,9.725810,9.725810
9.725810,15.340520,9.725810,9.725810,9.725810
9.725810,12.047738,9.725810,9.725810,9.725810
9.725810,12.228310,9.725810,9.725810,9.725810
9.725810,11.600279,9.725810,9.725810,9.725810
9.725810,11.600279,9.725810,9.725810,9.725810
9.725810,11.310773,9.725810,9.725810,9.725810
9.725810,12.533165,9.725810,9.725810,9.725810
9.725810,10.948202,9.725810,9.725810,9.725810
9.725810,15.592059,9.725810,10.462776,9.725810
9.725810,15.300719,9.725810,9.725810,9.725810
9.725810,15.834334,9.725810,9.725810,9.725810
9.725810,14.444628,9.725810,9.725810,9.725810
9.725810,15.035665,9.725810,9.725810,9.725810
9.725810,15.300719,9.725810,9.725810,9.725810
9.725810,14.249372,9.725810,9.725810,9.725810
9.725810,14.827348,9.725810,9.725810,9.725810
9.725810,14.986338,9.725810,9.725810,9.725810
9.725810,15.280399,9.725810,9.725810,9.725810
9.725810,15.152075,9.725810,9.725810,9.725810
9.725810,15.129532,9.725810,9.725810,9.725810
9.725810,15.106632,9.725810,9.725810,9.725810
9.725810,14.855093,9.725810,10.462776,9.725810
9.725810,15.340520,9.725810,9.725810,9.725810
9.725810,10.462776,9.725810,9.725810,9.725810
9.725810,13.426250,9.725810,9.725810,9.725810
9.725810,13.185242,9.725810,9.725810,9.725810
9.725810,13.695436,9.725810,9.725810,9.725810
9.725810,14.616581,9.725810,10.948202,9.725810
9.725810,14.583791,9.725810,9.725810,9.725810
9.725810,15.259789,9.725810,10.462776,9.725810
9.725810,15.398235,9.725810,10.462776,9.725810
9.725810,13.813273,9.725810,9.725810,9.725810
9.725810,13.922207,9.725810,9.725810,9.725810
9.725810,13.973738,9.725810,9.725810,9.725810
9.725810,13.270131,9.725810,9.725810,9.725810
9.725810,13.095044,9.725810,9.725810,9.725810
9.725810,14.249372,9.725810,9.725810,9.725810
9.725810,14.118127,9.725810,10.948202,9.725810
9.725810,14.023491,9.725810,9.725810,9.725810
9.725810,14.740760,9.725810,10.948202,9.725810
9.725810,14.799059,9.725810,9.725810,9.725810
9.725810,12.533165,9.725810,9.725810,9.725810
9.725810,13.350301,9.725810,9.725810,9.725810
9.725810,12.784704,9.725810,9.725810,9.725810
9.725810,12.784704,9.725810,9.725810,9.725810
9.725810,11.841287,9.725810,9.725810,9.725810
9.725810,13.813273,9.725810,9.725810,9.725810
9.725810,10.462776,9.725810,9.725810,9.725810
9.725810,12.998829,9.725810,9.725810,9.725810
9.725810,12.228310,9.725810,9.725810,9.725810
9.725810,14.163215,9.725810,9.725810,9.725810
9.725810,14.290595,9.725810,9.725810,9.725810
9.725810,13.632701,9.725810,9.725810,9.725810
9.725810,13.567112,9.725810,10.462776,9.725810
9.725810,14.163215,9.725810,10.462776,9.725810
9.725810,13.567112,9.725810,9.725810,9.725810
9.725810,13.868768,9.725810,9.725810,9.725810
9.725810,13.185242,9.725810,10.948202,9.725810
9.725810,12.784704,9.725810,9.725810,9.725810
9.725810,12.388775,9.725810,9.725810,9.725810
9.725810,12.047738,9.725810,9.725810,9.725810
9.725810,13.755557,9.725810,9.725810,9.725810
9.725810,13.632701,9.725810,9.725810,9.725810
9.725810,14.249372,9.725810,9.725810,9.725810
9.725810,13.632701,9.725810,9.725810,9.725810
9.725810,14.206937,9.725810,10.462776,9.725810
9.725810,13.185242,9.725810,9.725810,9.725810
9.725810,14.407634,9.725810,9.725810,9.725810
9.725810,13.813273,9.725810,9.725810,9.725810
9.725810,11.841287,9.725810,9.725810,9.725810
9.725810,13.095044,9.725810,9.725810,9.725810
9.725810,12.047738,9.725810,9.725810,9.725810
9.725810,13.350301,9.725810,9.725810,9.725810
9.725810,12.388775,9.725810,9.725810,9.725810
9.725810,13.755557,9.725810,9.725810,9.725810
9.725810,13.270131,9.725810,9.725810,9.725810
9.725810,14.206937,9.725810,10.948202,9.725810
9.725810,11.310773,9.725810,9.725810,9.725810
9.725810,15.083362,9.725810,10.462776,9.725810
9.725810,12.388775,9.725810,9.725810,9.725810
9.725810,12.533165,9.725810,9.725810,9.725810
9.725810,12.047738,9.725810,9.725810,9.725810
9.725810,13.695436,9.725810,9.725810,9.725810
9.725810,14.680006,9.725810,10.948202,9.725810
9.725810,11.841287,9.725810,9.725810,9.725810
9.725810,14.740760,9.725810,10.462776,9.725810
9.725810,14.290595,9.725810,9.725810,9.725810
9.725810,11.310773,9.725810,9.725810,9.725810
9.725810,12.998829,9.725810,9.725810,9.725810
9.725810,11.310773,9.725810,9.725810,9.725810
9.725810,11.841287,9.725810,9.725810,9.725810
9.725810,13.567112,9.725810,10.462776,9.725810
9.725810,13.632701,9.725810,9.725810,9.725810
9.725810,11.841287,9.725810,9.725810,9.725810
9.725810,10.948202,9.725810,9.725810,9.725810
9.725810,12.228310,9.725810,9.725810,9.725810
9.725810,12.998829,9.725810,9.725810,9.725810
9.725810,12.228310,9.725810,9.725810,9.725810
9.725810,10.948202,9.725810,9.725810,9.725810
9.725810,13.185242,9.725810,9.725810,9.725810
9.725810,13.567112,9.725810,9.725810,9.725810
9.725810,13.095044,9.725810,9.725810,9.725810
9.725810,12.533165,9.725810,9.725810,9.725810
9.725810,11.600279,9.725810,9.725810,9.725810
9.725810,11.600279,9.725810,9.725810,9.725810
9.725810,11.841287,9.725810,9.725810,9.725810
9.725810,13.185242,9.725810,9.725810,9.725810
9.725810,11.310773,9.725810,9.725810,9.725810
9.725810,14.330672,9.725810,10.948202,9.725810
9.725810,14.515887,9.725810,9.725810,9.725810
9.725810,10.462776,9.725810,9.725810,9.725810
9.725810,13.632701,9.725810,9.725810,9.725810
1.113858,22.276219,4.283783,1.113858,3.921213
0.451109,21.709474,8.230281,0.451109,3.820342
-1.324176,19.892411,6.880395,-1.324176,4.209803
3.357991,24.636463,10.602751,3.357991,4.094956
2.036068,23.313185,8.375918,2.036068,3.910538
2.036068,23.414761,8.411108,2.036068,3.910538
3.357991,24.827900,8.761713,3.357991,4.094956
2.357996,23.795016,9.857841,2.357996,3.942958
4.253090,23.249966,4.253090,7.311984,4.253090
3.357991,22.389772,4.942953,3.357991,4.094956
4.357981,19.436562,4.357981,4.357981,4.357981
4.357981,19.267421,4.357981,4.357981,4.357981
4.253090,19.221142,5.475483,4.253090,4.253090
4.357981,19.759249,4.357981,4.357981,4.357981
4.357981,19.194015,4.357981,4.357981,4.357981
4.357981,19.426241,4.357981,4.357981,4.357981
4.253090,19.238532,4.253090,4.253090,5.475483
4.325802,19.892401,4.325802,4.325802,4.325802
4.357981,19.428451,4.357981,4.357981,4.357981
4.357981,19.090625,4.357981,4.357981,4.357981
4.357981,19.359961,4.357981,4.357981,4.357981
4.059348,20.469706,4.059348,4.059348,4.796314
4.357981,19.786156,4.357981,4.357981,4.357981
4.357981,18.979479,4.357981,4.357981,4.357981
4.796314,19.236703,4.059348,4.059348,4.796314
5.094946,19.330886,4.357981,4.357981,4.357981
4.253090,19.262350,4.990056,4.253090,4.253090
4.357981,19.339236,4.357981,4.357981,4.357981
5.094946,19.405431,4.357981,4.357981,4.357981
4.357981,19.376398,4.357981,4.357981,4.357981
4.357981,19.296105,4.357981,4.357981,4.357981
4.059348,19.176680,4.796314,4.059348,4.796314
5.580373,19.223215,4.357981,4.357981,4.357981
5.094946,19.176646,4.357981,4.357981,4.357981
4.357981,19.189041,4.357981,4.357981,4.357981
4.357981,19.122662,4.357981,4.357981,4.357981
5.036679,20.963428,4.551252,3.814287,3.814287
4.357981,19.422766,4.357981,4.357981,4.357981
4.357981,18.936216,4.357981,4.357981,4.357981
5.281741,21.301304,4.059348,4.059348,4.059348
4.357981,19.457561,4.357981,4.357981,4.357981
4.357981,19.538861,4.357981,4.357981,4.357981
4.357981,19.741494,4.357981,4.357981,4.357981
4.357981,12.205560,4.357981,4.357981,4.357981
4.253090,20.135184,4.253090,4.253090,4.253090
4.357981,19.336349,4.357981,4.357981,4.357981
4.357981,19.177511,4.357981,4.357981,4.357981
4.357981,19.561571,4.357981,4.357981,4.357981
4.357981,19.558254,4.357981,4.357981,4.357981
4.357981,19.618300,4.357981,4.357981,4.357981
5.094946,19.278969,4.357981,4.357981,4.357981
4.357981,19.651871,4.357981,4.357981,4.357981
4.357981,19.574461,4.357981,4.357981,4.357981
5.094946,19.699210,4.357981,4.357981,4.357981
4.357981,19.341375,4.357981,4.357981,4.357981
4.357981,19.694034,4.357981,4.357981,4.357981
4.796314,19.100252,4.796314,4.059348,4.059348
4.357981,18.273518,4.357981,4.357981,4.357981
4.357981,19.521146,4.357981,4.357981,4.357981
4.357981,19.377441,4.357981,4.357981,4.357981
4.357981,18.300892,4.357981,4.357981,4.357981
4.357981,19.873198,4.357981,4.357981,4.357981
5.580373,19.758916,4.357981,4.357981,4.357981
5.094946,19.646883,4.357981,4.357981,4.357981
4.253090,19.384854,4.253090,4.253090,4.990056
4.357981,19.409374,4.357981,4.357981,4.357981
5.094946,19.421755,4.357981,4.357981,4.357981
4.357981,18.540918,4.357981,4.357981,4.357981
4.357981,19.577717,4.357981,4.357981,4.357981
5.094946,19.671159,4.357981,4.357981,4.357981
4.357981,19.380970,4.357981,4.357981,4.357981
4.357981,19.385786,4.357981,4.357981,4.357981
4.357981,18.258061,4.357981,4.357981,4.357981
4.059348,19.036912,4.796314,4.059348,4.796314
4.253090,19.368039,4.253090,4.253090,5.475483
5.094946,19.064027,4.357981,4.357981,4.357981
4.357981,19.334261,4.357981,4.357981,4.357981
4.357981,19.407503,4.357981,4.357981,4.357981
4.357981,19.143110,4.357981,4.357981,4.357981
4.253090,19.197635,4.253090,4.253090,4.990056
4.357981,19.328281,4.357981,4.357981,4.357981
4.357981,14.801270,4.357981,4.357981,4.357981
4.357981,18.886415,4.357981,4.357981,4.357981
4.357981,19.278690,4.357981,4.357981,4.357981
4.357981,19.347153,4.357981,4.357981,4.357981
4.357981,19.017103,4.357981,5.942943,4.357981
4.357981,19.269107,4.357981,4.357981,4.357981
4.357981,19.232562,4.357981,4.357981,4.357981
4.059348,19.255861,4.796314,4.059348,4.796314
4.357981,19.349281,4.357981,4.357981,4.357981
4.357981,19.461392,4.357981,4.357981,4.357981
4.253090,18.922326,4.253090,4.253090,4.990056
4.357981,19.371900,4.357981,4.357981,4.357981
4.357981,15.705787,4.357981,4.357981,4.357981
4.357981,19.248894,4.357981,4.357981,4.357981
4.357981,16.423733,4.357981,4.357981,4.357981
4.357981,19.236622,4.357981,4.357981,4.357981
4.357981,19.186960,4.357981,4.357981,4.357981
4.357981,16.922051,4.357981,4.357981,4.357981
4.357981,18.879397,4.357981,4.357981,4.357981
4.059348,19.166198,4.796314,4.059348,4.796314
4.357981,19.209128,4.357981,4.357981,4.357981
4.551252,19.016500,4.551252,3.814287,4.551252
4.357981,19.080201,4.357981,4.357981,4.357981
4.357981,19.286915,4.357981,4.357981,4.357981
4.059348,18.965942,13.715773,4.059348,13.048979
4.357981,16.692906,4.357981,4.357981,4.357981
4.357981,17.906763,4.357981,4.357981,4.357981
4.357981,19.419844,4.357981,4.357981,4.357981
4.357981,19.307032,4.357981,4.357981,4.357981
4.357981,19.465756,4.357981,4.357981,4.357981
4.357981,19.374920,4.357981,4.357981,4.357981
4.357981,18.403769,4.357981,4.357981,4.357981
4.253090,19.583132,4.990056,4.253090,4.253090
4.796314,18.983063,4.796314,4.059348,4.059348
4.357981,19.239015,4.357981,4.357981,4.357981
4.357981,17.932141,4.357981,4.357981,4.357981
5.094946,19.267858,4.357981,4.357981,4.357981
4.357981,19.367124,4.357981,4.357981,4.357981
5.094946,19.310555,4.357981,4.357981,4.357981
5.094946,19.249464,4.357981,4.357981,4.357981
4.357981,19.570844,4.357981,4.357981,4.357981
4.357981,19.572920,4.357981,4.357981,4.357981
4.357981,19.338284,4.357981,4.357981,4.357981
4.357981,19.243471,4.357981,4.357981,4.357981
4.357981,19.479042,4.357981,4.357981,4.357981
5.094946,19.339147,4.357981,4.357981,4.357981
4.357981,17.781753,4.357981,4.357981,4.357981
4.059348,19.174080,4.796314,4.059348,4.796314
5.094946,19.217143,4.357981,4.357981,4.357981
4.357981,19.342088,4.357981,4.357981,4.357981
4.357981,19.707734,4.357981,4.357981,4.357981
4.357981,19.724337,4.357981,4.357981,4.357981
4.357981,17.211095,4.357981,4.357981,4.357981
4.357981,19.229196,4.357981,4.357981,4.357981
4.357981,19.417058,4.357981,4.357981,4.357981
5.094946,19.682525,4.357981,4.357981,4.357981
4.357981,19.026773,4.357981,5.942943,4.357981
4.357981,19.563863,4.357981,4.357981,4.357981
4.357981,18.441986,4.357981,4.357981,4.357981
4.357981,19.314372,4.357981,4.357981,4.357981
4.357981,19.137067,4.357981,4.357981,4.357981
4.253090,16.534538,4.253090,4.253090,9.827999
4.253090,18.867513,4.990056,4.253090,4.253090
4.357981,19.695614,4.357981,4.357981,4.357981
4.357981,19.273284,4.357981,4.357981,4.357981
4.357981,19.006282,4.357981,4.357981,4.357981
4.357981,19.716872,4.357981,4.357981,4.357981
4.357981,19.399597,4.357981,4.357981,4.357981
4.357981,19.211079,4.357981,4.357981,4.357981
4.253090,19.363723,4.990056,4.253090,4.253090
4.357981,19.322908,4.357981,4.357981,4.357981
4.357981,19.308430,4.357981,4.357981,4.357981
5.094946,19.248641,4.357981,4.357981,4.357981
4.357981,18.669090,4.357981,4.357981,4.357981
4.357981,19.199529,4.357981,4.357981,4.357981
4.357981,18.395213,4.357981,4.357981,4.357981
4.253090,18.950909,4.253090,4.253090,9.175923
4.357981,19.106261,4.357981,4.357981,4.357981
4.357981,19.156807,4.357981,4.357981,4.357981
5.094946,19.358670,4.357981,4.357981,4.357981
4.357981,19.274716,4.357981,4.357981,4.357981
4.357981,19.044171,4.357981,4.357981,4.357981
4.357981,19.326093,4.357981,4.357981,4.357981
4.357981,19.317968,4.357981,4.357981,4.357981
4.357981,19.355440,4.357981,4.357981,4.357981
5.094946,18.959964,4.357981,4.357981,4.357981
4.253090,19.319754,4.253090,4.253090,4.990056
5.094946,18.401834,4.357981,4.357981,4.357981
4.357981,18.883400,4.357981,4.357981,4.357981
4.357981,19.242135,4.357981,4.357981,4.357981
4.253090,19.192807,4.253090,4.253090,4.990056
4.357981,19.424561,4.357981,4.357981,4.357981
4.357981,19.264355,4.357981,4.357981,4.357981
4.357981,19.315823,4.357981,4.357981,4.357981
4.357981,19.233458,4.357981,4.357981,4.357981
4.357981,16.431341,4.357981,4.357981,4.357981
5.094946,19.304110,4.357981,4.357981,4.357981
5.094946,19.272849,4.357981,4.357981,4.357981
4.357981,19.255306,4.357981,4.357981,4.357981
4.357981,19.271883,4.357981,4.357981,4.357981
4.357981,19.266764,4.357981,4.357981,4.357981
4.357981,19.234418,4.357981,4.357981,4.357981
4.357981,19.298157,4.357981,4.357981,4.357981
4.357981,18.663686,4.357981,4.357981,4.357981
4.357981,19.300358,4.357981,4.357981,4.357981
4.357981,19.036636,4.357981,4.357981,4.357981
4.357981,19.422822,4.357981,4.357981,4.357981
4.357981,19.201231,4.357981,4.357981,4.357981
4.357981,19.292854,4.357981,4.357981,4.357981
4.253090,19.322806,4.990056,4.253090,4.253090
4.253090,19.458845,4.990056,4.253090,4.253090
4.357981,19.270231,4.357981,4.357981,4.357981
4.357981,19.020445,4.357981,4.357981,4.357981
4.357981,14.815704,4.357981,4.357981,4.357981
4.253090,19.554194,5.838053,4.253090,4.253090
4.253090,19.327079,4.253090,4.253090,4.990056
4.253090,17.994382,4.990056,4.253090,4.253090
4.357981,19.151093,4.357981,4.357981,4.357981
4.059348,19.045768,4.796314,4.059348,4.796314
4.357981,19.392651,4.357981,4.357981,4.357981
4.357981,19.370736,4.357981,4.357981,4.357981
4.357981,19.351966,4.357981,4.357981,4.357981
4.357981,18.395556,4.357981,4.357981,4.357981
4.253090,19.612874,4.990056,4.253090,4.253090
4.357981,18.112973,4.357981,4.357981,4.357981
4.253090,15.611192,4.253090,4.253090,4.990056
4.357981,19.009462,4.357981,4.357981,4.357981
5.094946,19.022447,4.357981,4.357981,4.357981
4.357981,19.422625,4.357981,4.357981,4.357981
4.253090,18.897529,4.990056,4.253090,4.253090
4.357981,18.546235,4.357981,4.357981,4.357981
4.253090,19.170789,4.990056,4.253090,4.253090
4.357981,18.951625,4.357981,4.357981,4.357981
4.357981,18.999148,4.357981,4.357981,4.357981
4.357981,17.203144,4.357981,4.357981,4.357981
4.357981,19.074104,4.357981,4.357981,4.357981
4.796314,19.175570,4.796314,4.059348,4.059348
4.357981,17.801140,4.357981,4.357981,4.357981
3.990065,18.172103,12.920211,3.253100,12.237043
4.357981,19.566914,4.357981,4.357981,4.357981
4.357981,19.306089,4.357981,4.357981,4.357981
4.357981,16.934544,4.357981,4.357981,4.357981
4.357981,16.683380,4.357981,4.357981,4.357981
4.357981,18.561966,4.357981,4.357981,4.357981
4.357981,19.261094,4.357981,4.357981,4.357981
4.253090,19.232828,4.253090,4.253090,4.990056
4.357981,19.188546,4.357981,4.357981,4.357981
4.357981,19.356410,4.357981,4.357981,4.357981
4.357981,18.877310,4.357981,4.357981,4.357981
4.253090,19.351027,5.475483,4.253090,4.253090
4.357981,19.265169,4.357981,4.357981,4.357981
4.357981,19.242390,4.357981,4.357981,4.357981
4.357981,19.180203,4.357981,4.357981,4.357981
4.253090,18.955245,4.253090,4.253090,9.143861
4.357981,18.429248,4.357981,4.357981,4.357981
4.253090,16.527177,4.253090,4.253090,9.807679
4.357981,19.100343,4.357981,4.357981,4.357981
4.357981,19.333097,4.357981,4.357981,4.357981
4.357981,19.243629,4.357981,4.357981,4.357981
4.357981,19.570794,4.357981,4.357981,4.357981
4.357981,19.383971,4.357981,4.357981,4.357981
4.357981,19.489931,4.357981,4.357981,4.357981
4.253090,19.354122,5.475483,4.253090,4.253090
4.796314,19.355416,5.644311,4.059348,4.059348
4.357981,19.675758,4.357981,4.357981,4.357981
4.253090,20.401401,4.253090,4.253090,4.253090
4.253090,20.462271,4.253090,4.253090,4.253090
4.796314,20.542351,4.059348,4.059348,4.059348
4.357981,19.473417,4.357981,4.357981,4.357981
4.059348,20.150515,5.281741,4.059348,4.059348
5.281741,20.400224,4.059348,4.059348,4.059348
4.357981,19.749459,4.357981,4.357981,4.357981
4.796314,19.424862,4.796314,4.059348,4.059348
4.357981,19.452265,4.357981,4.357981,4.357981
4.253090,20.415318,4.253090,4.253090,4.253090
4.094956,19.523781,5.679919,3.357991,4.094956
4.253090,20.445338,4.253090,4.253090,4.253090
4.059348,19.263193,5.644311,4.059348,4.796314
4.253090,20.464618,4.253090,4.253090,4.253090
4.253090,20.732339,4.253090,4.253090,4.253090
4.253090,19.805189,9.633912,4.253090,4.253090
4.357981,19.407560,4.357981,4.357981,4.357981
4.253090,20.667275,4.253090,4.253090,4.253090
4.059348,20.396511,7.332367,4.059348,4.059348
4.416690,19.892405,4.902117,3.679725,3.679725
4.059348,18.830683,4.796314,4.059348,4.796314
4.059348,20.153075,5.281741,4.059348,4.059348
4.059348,20.219844,5.644311,4.059348,4.059348
4.253090,20.926165,4.253090,4.253090,4.253090
4.253090,20.713786,4.253090,4.253090,4.253090
4.253090,20.590556,4.253090,4.253090,4.253090
4.357981,19.563049,4.357981,4.357981,4.357981
4.253090,20.125773,4.253090,4.253090,4.253090
4.796314,20.477415,4.059348,4.059348,4.059348
4.253090,20.674953,4.253090,4.253090,4.253090
4.243638,19.892405,4.243638,3.506672,7.594135
4.253090,20.806665,4.253090,4.253090,4.253090
4.357981,19.581266,4.357981,4.357981,4.357981
4.253090,19.416386,6.575019,4.253090,4.253090
4.253090,19.808908,9.633912,4.253090,4.253090
4.059348,20.543579,4.796314,4.059348,4.059348
4.059348,20.206242,5.281741,4.059348,4.059348
4.253090,20.684942,4.253090,4.253090,4.253090
4.059348,20.346405,4.796314,4.059348,4.059348
4.253090,20.672617,4.253090,4.253090,4.253090
4.253090,20.887585,4.253090,4.253090,4.253090
4.388809,19.892405,3.651843,3.651843,4.388809
4.253090,20.047142,4.253090,4.253090,4.253090
4.253090,20.308069,4.253090,4.253090,4.253090
4.059348,19.125143,8.089096,4.059348,5.933817
3.736894,19.892404,5.611364,3.736894,4.959287
4.253090,19.595825,4.990056,4.253090,4.253090
4.059348,20.250234,5.644311,4.059348,4.059348
4.357981,19.292240,4.357981,4.357981,4.357981
5.281741,20.439420,4.059348,4.059348,4.059348
5.281741,20.476459,4.059348,4.059348,4.059348
4.253090,19.546526,5.838053,4.253090,4.253090
4.059348,20.697252,4.796314,4.059348,4.059348
4.253090,20.639307,4.253090,4.253090,4.253090
4.253090,20.566782,4.253090,4.253090,4.253090
4.253090,20.905707,4.253090,4.253090,4.253090
4.357981,19.577338,4.357981,4.357981,4.357981
4.253090,20.598756,4.253090,4.253090,4.253090
4.357981,19.532425,4.357981,4.357981,4.357981
4.551252,20.350215,4.551252,3.814287,3.814287
4.253090,20.688571,4.253090,4.253090,4.253090
4.253090,20.491327,4.253090,4.253090,4.253090
4.253090,20.370131,4.253090,4.253090,4.253090
4.059348,20.249347,5.644311,4.059348,4.059348
4.357981,19.537773,4.357981,4.357981,4.357981
4.253090,20.595808,4.253090,4.253090,4.253090
4.253090,20.588173,4.253090,4.253090,4.253090
4.357981,19.421558,4.357981,4.357981,4.357981
4.253090,20.769729,4.253090,4.253090,4.253090
4.059348,20.591222,4.796314,4.059348,4.059348
4.357981,17.766001,4.357981,4.357981,4.357981
4.253090,20.578812,4.253090,4.253090,4.253090
4.253090,20.935148,4.253090,4.253090,4.253090
4.357981,19.711759,4.357981,4.357981,4.357981
4.253090,20.672760,4.253090,4.253090,4.253090
4.253090,20.619088,4.253090,4.253090,4.253090
4.253090,19.614040,4.990056,4.253090,4.253090
4.292428,19.892405,5.877391,3.555463,3.555463
4.796314,18.825929,4.059348,4.059348,4.796314
4.253090,19.607696,4.990056,4.253090,4.253090
4.253090,20.403624,4.253090,4.253090,4.253090
4.357981,19.792642,4.357981,4.357981,4.357981
4.253090,20.993570,4.253090,4.253090,4.253090
4.253090,19.590445,4.990056,4.253090,4.253090
4.253090,20.557151,4.253090,4.253090,4.253090
4.253090,20.999635,4.253090,4.253090,4.253090
4.059348,20.539439,4.796314,4.059348,4.059348
4.796314,20.458231,4.059348,4.059348,4.059348
4.253090,20.695759,4.253090,4.253090,4.253090
4.253090,20.686790,4.253090,4.253090,4.253090
4.253090,20.629301,4.253090,4.253090,4.253090
4.253090,20.459488,4.253090,4.253090,4.253090
4.357981,19.820920,4.357981,4.357981,4.357981
4.059348,20.287760,5.281741,4.059348,4.059348
5.281741,20.621327,4.059348,4.059348,4.059348
4.253090,19.640850,4.990056,4.253090,4.253090
4.357981,19.298157,4.357981,4.357981,4.357981
4.253090,20.773377,4.253090,4.253090,4.253090
4.059348,20.291463,7.332367,4.059348,4.059348
4.796314,20.455647,4.059348,4.059348,4.059348
4.253090,20.631233,4.253090,4.253090,4.253090
4.357981,19.713642,4.357981,4.357981,4.357981
4.253090,20.513122,4.253090,4.253090,4.253090
4.357981,19.425653,4.357981,4.357981,4.357981
4.059348,20.301474,5.281741,4.059348,4.059348
4.253090,20.416681,4.253090,4.253090,4.253090
5.281741,20.478667,4.059348,4.059348,4.059348
4.796314,20.814458,4.059348,4.059348,4.059348
4.796314,20.354789,4.059348,4.059348,4.059348
4.253090,19.645889,4.990056,4.253090,4.253090
4.253090,20.684071,4.253090,4.253090,4.253090
4.059348,19.291832,5.644311,4.059348,5.281741
4.253090,20.633749,4.253090,4.253090,4.253090
4.357981,19.717216,4.357981,4.357981,4.357981
4.059348,19.121296,8.255746,4.059348,5.933817
4.253090,20.544759,4.253090,4.253090,4.253090
4.253090,19.425427,4.990056,4.253090,4.253090
4.796314,20.522282,4.059348,4.059348,4.059348
4.253090,20.763860,4.253090,4.253090,4.253090
4.357981,19.598511,4.357981,4.357981,4.357981
4.253090,19.502957,4.990056,4.253090,4.253090
5.094946,19.707849,4.357981,4.357981,4.357981
4.253090,20.684909,4.253090,4.253090,4.253090
4.796314,20.408071,4.059348,4.059348,4.059348
4.796314,20.808899,4.059348,4.059348,4.059348
4.059348,20.182749,4.796314,4.059348,4.059348
3.693493,19.892405,5.808970,3.693493,4.430458
4.059348,20.472519,4.059348,4.059348,4.796314
4.253090,20.300264,4.253090,4.253090,4.253090
4.253090,20.884604,4.253090,4.253090,4.253090
4.253090,20.469236,4.253090,4.253090,4.253090
4.253090,20.874002,4.253090,4.253090,4.253090
4.253090,19.452085,5.475483,4.253090,4.253090
4.253090,20.631730,4.253090,4.253090,4.253090
4.253090,20.649946,4.253090,4.253090,4.253090
4.059348,20.048809,4.059348,4.059348,4.796314
4.551252,20.113727,4.551252,3.814287,3.814287
4.551252,20.160390,4.551252,3.814287,3.814287
4.253090,20.443024,4.253090,4.253090,4.253090
4.796314,20.582374,4.059348,4.059348,4.059348
4.253090,19.552382,5.475483,4.253090,4.253090
4.059348,19.286776,5.644311,4.059348,4.796314
4.059348,20.179755,4.796314,4.059348,4.059348
4.636571,19.892404,3.899605,3.899605,4.636571
4.253090,20.577898,4.253090,4.253090,4.253090
4.357981,19.703813,4.357981,4.357981,4.357981
5.094946,19.653642,4.357981,4.357981,4.357981
4.357981,19.412204,4.357981,4.357981,4.357981
3.689598,19.892405,5.805076,3.689598,4.426564
4.253090,20.689591,4.253090,4.253090,4.253090
4.253090,20.705251,4.253090,4.253090,4.253090
4.253090,20.369698,4.253090,4.253090,4.253090
4.253090,20.763211,4.253090,4.253090,4.253090
4.253090,20.510656,4.253090,4.253090,4.253090
4.253090,20.767142,4.253090,4.253090,4.253090
4.059348,20.476206,4.059348,4.059348,4.796314
4.357981,19.648876,4.357981,4.357981,4.357981
4.357981,19.603323,4.357981,4.357981,4.357981
4.253090,20.314595,4.253090,4.253090,4.253090
4.357981,19.449044,4.357981,4.357981,4.357981
4.357981,19.467471,4.357981,4.357981,4.357981
4.253090,20.677087,4.253090,4.253090,4.253090
4.253090,19.412002,6.575019,4.253090,4.253090
4.253090,20.493354,4.253090,4.253090,4.253090
4.253090,19.441692,6.575019,4.253090,4.253090
5.036679,20.456578,4.551252,3.814287,3.814287
4.253090,19.418482,4.990056,4.253090,4.253090
4.357981,19.824960,4.357981,4.357981,4.357981
4.059348,20.400027,7.428582,4.059348,4.059348
4.253090,19.625989,4.990056,4.253090,4.253090
4.796314,20.722003,4.059348,4.059348,4.059348
4.253090,20.128576,4.253090,4.253090,4.253090
4.253090,20.584433,4.253090,4.253090,4.253090
4.833760,19.892403,4.096794,4.096794,4.096794
4.059348,20.441325,4.059348,4.059348,8.202306
4.551252,20.423489,4.551252,3.814287,3.814287
4.253090,20.582449,4.253090,4.253090,4.253090
4.796314,19.252014,6.381276,4.059348,4.059348
4.059348,20.305563,7.428582,4.059348,4.059348
4.253090,20.471773,4.253090,4.253090,4.253090
4.253090,19.499942,4.990056,4.253090,4.253090
4.253090,20.676015,4.253090,4.253090,4.253090
4.253090,20.666669,4.253090,4.253090,4.253090
4.253090,20.490792,4.253090,4.253090,4.253090
4.357981,19.559760,4.357981,4.357981,4.357981
4.357981,19.786243,4.357981,4.357981,4.357981
4.357981,19.747466,4.357981,4.357981,4.357981
4.253090,20.580532,4.253090,4.253090,4.253090
4.059348,20.382866,5.644311,4.059348,4.059348
4.357981,19.710266,4.357981,4.357981,4.357981
4.253090,20.768836,4.253090,4.253090,4.253090
4.357981,17.757036,4.357981,4.357981,4.357981
4.796314,20.587278,4.059348,4.059348,4.059348
4.796314,20.119334,4.059348,4.059348,4.059348
4.059348,23.274408,5.281741,4.059348,4.059348
4.094956,22.261854,4.094956,3.357991,4.094956
4.059348,23.209675,5.281741,4.059348,4.059348
3.990065,21.699904,5.127569,3.253100,3.253100
3.990065,23.186037,5.127569,3.253100,3.253100
3.357991,22.490163,6.527916,3.357991,4.094956
0.751742,19.892410,8.555227,2.822131,5.197998
3.838067,22.086415,4.368581,2.253104,2.253104
4.253090,23.316455,4.253090,4.253090,4.253090
3.890533,22.586370,5.838065,2.668140,3.890533
3.838067,21.198791,4.755605,2.253104,2.253104
4.059348,23.091065,6.561849,4.059348,4.059348
3.890533,22.459137,8.947364,3.405106,2.668140
4.059348,23.595417,5.933817,4.059348,4.059348
4.059348,23.024352,6.381276,4.059348,4.059348
3.990065,22.636021,5.127569,3.253100,3.253100
3.990065,23.592552,6.311993,3.253100,3.253100
3.990065,23.239762,4.838062,3.253100,3.253100
3.509997,21.977774,5.094960,2.773031,3.995424
4.451721,22.254613,4.451721,3.229329,3.229329
0.757070,19.892410,6.779438,1.894574,4.663961
0.773036,20.191139,5.337821,0.773036,3.831930
3.814287,23.411379,4.551252,3.814287,4.551252
4.059348,23.203529,4.796314,4.059348,4.059348
2.036068,21.270863,5.877371,2.036068,3.910538
3.890533,22.523681,5.331105,2.668140,2.668140
4.059348,22.912009,4.796314,4.059348,4.059348
4.059348,24.037652,6.722313,4.059348,4.059348
1.773036,20.985194,4.495502,1.773036,3.843425
5.399249,23.448881,4.551252,3.814287,3.814287
5.036679,22.421266,4.551252,3.814287,3.814287
3.890533,22.448024,4.783617,2.668140,2.668140
2.357996,21.677851,4.473473,2.357996,3.942958
4.796314,23.145299,4.059348,4.059348,4.059348
3.357991,23.031113,5.860491,3.357991,4.094956
4.059348,22.667833,5.933817,4.059348,4.059348
3.990065,22.565728,4.475492,3.253100,3.253100
4.059348,23.743070,5.644311,4.059348,4.059348
4.059348,23.301339,5.933817,4.059348,4.059348
0.744560,19.892410,7.314416,0.744560,4.017578
-2.486428,16.642135,9.130712,3.477707,5.520800
3.094961,21.557015,6.327622,2.357996,3.942958
4.077329,21.306566,4.366836,2.492367,3.229332
4.059348,22.834833,6.561849,4.059348,4.059348
3.990065,22.009496,4.475492,3.253100,3.253100
3.509997,22.686838,6.232463,2.773031,3.995424
2.451728,21.103296,4.288229,1.229335,3.892300
4.059348,23.213656,4.796314,4.059348,4.059348
2.773031,20.975928,6.046050,2.773031,3.995424
3.990065,22.893990,5.575028,3.253100,3.253100
4.451721,21.663480,4.451721,3.229329,3.229329
3.890533,22.211880,4.990068,2.668140,2.668140
4.451721,22.862940,4.451721,3.229329,3.229329
4.796314,23.274144,4.059348,4.059348,4.059348
4.059348,23.835020,4.796314,4.059348,4.059348
4.551252,22.267309,4.551252,3.814287,3.814287
3.929774,21.220058,4.316797,1.814297,1.814297
4.059348,23.681556,5.281741,4.059348,4.059348
0.270537,20.110635,5.762390,1.492929,3.814857
2.773035,21.259558,5.848323,1.550643,3.872571
