19.931255,6.339148,6.339148,6.339148
19.931277,6.040917,6.040917,6.040917
19.931251,6.384477,6.384477,6.384477
19.931291,5.811944,5.811944,5.811944
19.929995,9.897949,9.897949,9.897949
19.931317,5.236687,5.236687,5.236687
19.931229,6.631305,6.631305,6.631305
19.931306,5.504714,5.504714,5.504714
19.931297,5.700601,5.700601,5.700601
19.931195,6.935958,6.935958,6.935958
19.931203,6.869325,6.869325,6.869325
19.668403,17.346475,17.346475,17.346475
19.931302,5.584858,5.584858,5.584858
19.931249,6.410753,6.410753,6.410753
19.931299,5.661222,5.661222,5.661222
19.931303,5.574645,5.574645,5.574645
19.931338,4.524037,4.524037,4.524037
19.931306,5.500919,5.500919,5.500919
19.931288,5.859574,5.859574,5.859574
19.931252,6.376543,6.376543,6.376543
19.931285,5.905367,5.905367,5.905367
19.931276,6.053704,6.053704,6.053704
19.931235,6.568332,6.568332,6.568332
19.931335,4.648356,4.648356,4.648356
19.931321,5.130775,5.130775,5.130775
19.931301,5.620333,5.620333,5.620333
19.931260,6.277407,6.277407,6.277407
19.931167,7.144694,7.144694,7.144694
19.931316,5.277743,5.277743,5.277743
19.931201,6.881863,6.881863,6.881863
19.931276,6.051597,6.051597,6.051597
19.930889,8.384477,8.384477,8.384477
19.931238,6.535570,6.535570,6.535570
19.931168,7.137362,7.137362,7.137362
19.931319,5.182235,5.182235,5.182235
19.931200,6.893482,6.893482,6.893482
19.931329,4.877785,4.877785,4.877785
19.931270,6.131281,6.131281,6.131281
19.931228,6.632450,6.632450,6.632450
19.931265,6.203664,6.203664,6.203664
19.931324,5.044151,5.044151,5.044151
19.931221,6.701351,6.701351,6.701351
19.931255,6.340317,6.340317,6.340317
19.931282,5.954092,5.954092,5.954092
19.931251,6.385924,6.385924,6.385924
19.931052,7.792460,7.792460,7.792460
19.931273,6.095321,6.095321,6.095321
19.931267,6.173982,6.173982,6.173982
19.931167,7.145102,7.145102,7.145102
19.931255,6.334483,6.334483,6.334483
19.931261,6.261158,6.261158,6.261158
19.931276,6.043009,6.043009,6.043009
19.931261,6.253432,6.253432,6.253432
19.931197,6.917351,6.917351,6.917351
19.931088,7.619623,7.619623,7.619623
19.931237,6.538786,6.538786,6.538786
19.931294,5.750064,5.750064,5.750064
19.931266,6.194336,6.194336,6.194336
19.931336,4.613111,4.613111,4.613111
19.931332,4.761447,4.761447,4.761447
19.931307,5.490762,5.490762,5.490762
19.931282,5.961266,5.961266,5.961266
19.931229,6.625310,6.625310,6.625310
19.931199,6.898293,6.898293,6.898293
19.931230,6.617355,6.617355,6.617355
19.931345,4.220727,4.220727,4.220727
19.931291,5.795181,5.795181,5.795181
19.931260,6.276512,6.276512,6.276512
19.931321,5.118793,5.118793,5.118793
19.931282,5.951589,5.951589,5.951589
19.931231,6.601575,6.601575,6.601575
19.931286,5.894683,5.894683,5.894683
19.931311,5.380264,5.380264,5.380264
19.931255,6.330065,6.330065,6.330065
19.931303,5.562865,5.562865,5.562865
19.931271,6.122005,6.122005,6.122005
19.931212,6.790542,6.790542,6.790542
19.931308,5.460840,5.460840,5.460840
19.931324,5.041487,5.041487,5.041487
19.931304,5.548342,5.548342,5.548342
19.931245,6.452602,6.452602,6.452602
19.931284,5.918223,5.918223,5.918223
19.931315,5.292031,5.292031,5.292031
19.931341,4.425994,4.425994,4.425994
19.931316,5.255194,5.255194,5.255194
19.931258,6.300877,6.300877,6.300877
19.931330,4.862090,4.862090,4.862090
19.931226,6.658159,6.658159,6.658159
19.931229,6.625310,6.625310,6.625310
19.931226,6.659325,6.659325,6.659325
19.931272,6.104029,6.104029,6.104029
19.931310,5.405117,5.405117,5.405117
19.931303,5.567511,5.567511,5.567511
19.931238,6.535302,6.535302,6.535302
19.931271,6.116389,6.116389,6.116389
19.931325,5.021853,5.021853,5.021853
19.931303,5.573407,5.573407,5.573407
19.931235,6.562865,6.562865,6.562865
19.931252,6.378462,6.378462,6.378462
19.931214,6.773393,6.773393,6.773393
19.931352,3.753057,3.753057,3.753057
19.931256,6.319655,6.319655,6.319655
19.931303,5.579466,5.579466,5.579466
19.931245,6.455132,6.455132,6.455132
19.931265,6.210486,6.210486,6.210486
19.931301,5.611699,5.611699,5.611699
19.931286,5.884759,5.884759,5.884759
19.931251,6.381587,6.381587,6.381587
19.931296,5.714777,5.714777,5.714777
19.931318,5.208457,5.208457,5.208457
19.931348,4.047296,4.047296,4.047296
19.931247,6.430281,6.430281,6.430281
19.931330,4.835975,4.835975,4.835975
19.931315,5.299967,5.299967,5.299967
19.931328,4.910478,4.910478,4.910478
19.931294,5.745877,5.745877,5.745877
19.931331,4.815515,4.815515,4.815515
19.931224,6.675753,6.675753,6.675753
19.931203,6.867639,6.867639,6.867639
19.931249,6.410753,6.410753,6.410753
19.931327,4.959648,4.959648,4.959648
19.912268,13.683449,13.683449,13.683449
19.931323,5.083336,5.083336,5.083336
19.931285,5.910045,5.910045,5.910045
19.931303,5.571348,5.571348,5.571348
19.931346,4.145817,4.145817,4.145817
19.931294,5.756446,5.756446,5.756446
19.931213,6.783213,6.783213,6.783213
19.931337,4.564571,4.564571,4.564571
19.931285,5.912998,5.912998,5.912998
19.931236,6.557963,6.557963,6.557963
19.930931,8.253652,8.253652,8.253652
19.930888,8.389307,8.389307,8.389307
19.931025,7.908310,7.908310,7.908310
19.930966,8.134521,8.134521,8.134521
19.930908,8.327745,8.327745,8.327745
19.931190,6.973181,6.973181,6.973181
19.924353,12.244873,12.244873,12.244873
19.930986,8.061778,8.061778,8.061778
19.931040,7.844572,7.844572,7.844572
19.931002,7.999157,7.999157,7.999157
19.931065,7.731699,7.731699,7.731699
19.930842,8.520920,8.520920,8.520920
19.931193,6.953019,6.953019,6.953019
19.931056,7.774025,7.774025,7.774025
19.931131,7.382068,7.382068,7.382068
19.931163,7.173148,7.173148,7.173148
19.931015,7.949091,7.949091,7.949091
19.930915,8.306576,8.306576,8.306576
19.931087,7.625880,7.625880,7.625880
19.931174,7.094532,7.094532,7.094532
19.931009,7.971370,7.971370,7.971370
19.931019,7.934898,7.934898,7.934898
19.930946,8.203451,8.203451,8.203451
19.931126,7.413210,7.413210,7.413210
19.931075,7.684037,7.684037,7.684037
19.930677,8.910392,8.910392,8.910392
19.931219,6.719787,6.719787,6.719787
19.930886,8.394153,8.394153,8.394153
19.930995,8.027490,8.027490,8.027490
19.931186,7.008787,7.008787,7.008787
19.931077,7.674573,7.674573,7.674573
19.930821,8.574920,8.574920,8.574920
19.931135,7.358671,7.358671,7.358671
19.930972,8.111991,8.111991,8.111991
19.931063,7.741547,7.741547,7.741547
19.930977,8.096901,8.096901,8.096901
19.931161,7.187379,7.187379,7.187379
19.930946,8.203451,8.203451,8.203451
19.931074,7.689388,7.689388,7.689388
19.930963,8.146737,8.146737,8.146737
19.931155,7.231365,7.231365,7.231365
19.931291,5.803216,5.803216,5.803216
19.931147,7.284363,7.284363,7.284363
19.931213,6.777503,6.777503,6.777503
19.931077,7.674573,7.674573,7.674573
19.931243,6.480418,6.480418,6.480418
19.931264,6.217985,6.217985,6.217985
19.931165,7.161121,7.161121,7.161121
19.931317,5.252331,5.252331,5.252331
19.931252,6.368414,6.368414,6.368414
19.931370,-0.017255,-0.017255,-0.017255
19.931370,-0.248751,-0.248751,-0.248751
19.931133,7.371039,7.371039,7.371039
19.931370,0.240211,0.240211,0.240211
19.931370,0.420746,0.420746,0.420746
19.931371,-1.323094,-1.323094,-1.323094
19.931350,3.887789,3.887789,3.887789
19.931369,0.515440,0.515440,0.515440
19.931356,3.425157,3.425157,3.425157
19.931370,-0.409244,-0.409244,-0.409244
19.931370,0.173757,0.173757,0.173757
19.931369,0.709619,0.709619,0.709619
19.931370,3.161435,-0.297996,-0.297996
19.931358,3.194705,3.194705,3.194705
19.931370,-0.050942,-0.050942,-0.050942
19.931370,0.035317,0.035317,0.035317
19.931369,0.679806,0.679806,0.679806
19.931359,3.098210,3.098210,3.098210
19.931304,5.558643,5.558643,5.558643
19.931370,0.095728,0.095728,0.095728
19.931370,0.122354,0.122354,0.122354
19.931370,0.018281,0.018281,0.018281
19.931370,0.166043,0.166043,0.166043
19.931364,2.391758,2.391758,2.391758
19.931351,3.813444,3.813444,3.813444
19.931370,1.565678,-0.019284,-0.019284
19.931356,3.406340,3.406340,3.406340
19.931356,3.406157,3.406157,3.406157
19.931370,-0.338207,-0.338207,-0.338207
19.931368,1.465893,1.465893,1.465893
19.931360,3.045223,3.045223,3.045223
19.931370,0.251143,0.251143,0.251143
19.931368,1.474969,1.474969,1.474969
19.931369,0.610664,0.610664,0.610664
19.931369,0.597736,0.597736,0.597736
19.931368,1.198747,1.198747,1.198747
19.931370,-0.183540,-0.183540,-0.183540
19.931369,0.992952,0.992952,0.992952
19.931369,0.888542,0.888542,0.888542
19.931368,1.418091,1.418091,1.418091
19.931370,-0.160836,-0.160836,-0.160836
19.931353,3.645933,3.645933,3.645933
19.931370,0.227860,0.227860,0.227860
19.931370,0.039199,0.039199,0.039199
19.931325,5.010647,5.010647,5.010647
19.931327,4.954807,4.954807,4.954807
19.931346,4.147453,4.147453,4.147453
19.931309,5.427918,5.427918,5.427918
19.931322,5.111791,5.111791,5.111791
19.931312,5.364247,5.364247,5.364247
19.931313,5.345235,5.345235,5.345235
19.931331,4.825218,4.825218,4.825218
19.931341,4.409526,4.409526,4.409526
19.931269,6.145715,6.145715,6.145715
19.931328,4.916305,4.916305,4.916305
19.931325,5.000080,5.000080,5.000080
19.931336,4.631234,4.631234,4.631234
19.931328,4.919533,4.919533,4.919533
19.931326,4.992068,4.992068,4.992068
19.931327,4.949626,4.949626,4.949626
19.931309,5.435766,5.435766,5.435766
19.931323,5.062935,5.062935,5.062935
19.931322,5.102938,5.102938,5.102938
19.931347,4.088579,4.088579,4.088579
19.931354,3.618276,3.618276,3.618276
19.931331,4.824318,4.824318,4.824318
19.931346,4.126787,4.126787,4.126787
19.931336,4.628376,4.628376,4.628376
19.931350,3.904891,3.904891,3.904891
19.931350,3.908917,3.908917,3.908917
19.931338,4.552603,4.552603,4.552603
19.931349,3.934898,3.934898,3.934898
19.931339,4.500462,4.500462,4.500462
19.931355,3.481320,3.481320,3.481320
19.931334,4.684705,4.684705,4.684705
19.931334,4.688049,4.688049,4.688049
19.931355,3.478326,3.478326,3.478326
19.931352,3.777226,3.777226,3.777226
19.931357,3.382881,3.382881,3.382881
19.931341,4.425622,4.425622,4.425622
19.931341,4.423453,4.423453,4.423453
19.931317,5.234947,5.234947,5.234947
19.931351,3.802129,3.802129,3.802129
19.931337,4.598216,4.598216,4.598216
19.931346,4.138378,4.138378,4.138378
19.931332,4.770712,4.770712,4.770712
19.931343,4.327455,4.327455,4.327455
19.931355,3.495441,3.495441,3.495441
19.931327,4.938079,4.938079,4.938079
19.931357,3.325342,3.325342,3.325342
19.931350,3.878676,3.878676,3.878676
19.931112,7.491022,7.491022,7.491022
19.931356,3.423082,3.423082,3.423082
19.931342,4.360093,4.360093,4.360093
19.931337,4.588116,4.588116,4.588116
19.931357,3.373011,3.373011,3.373011
19.931340,4.461603,4.461603,4.461603
19.931343,4.323232,4.323232,4.323232
19.931342,4.335473,4.335473,4.335473
19.931204,6.861586,6.861586,6.861586
19.931354,3.588221,3.588221,3.588221
19.931349,3.962840,3.962840,3.962840
19.931356,3.451402,3.451402,3.451402
19.931317,5.243559,5.243559,5.243559
19.931302,5.581676,5.581676,5.581676
19.931353,3.719939,3.719939,3.719939
19.931347,4.116038,4.116038,4.116038
19.931338,4.525632,4.525632,4.525632
19.931322,5.113489,5.113489,5.113489
19.931355,3.513288,3.513288,3.513288
19.931343,4.324966,4.324966,4.324966
19.931331,4.829806,4.829806,4.829806
19.931354,3.563172,3.563172,3.563172
19.931356,3.461126,3.461126,3.461126
19.931346,4.123614,4.123614,4.123614
19.931333,4.723747,4.723747,4.723747
19.931346,4.174398,4.174398,4.174398
19.931330,4.855892,4.855892,4.855892
19.931333,4.724968,4.724968,4.724968
19.931358,3.182497,3.182497,3.182497
19.931335,4.674205,4.674205,4.674205
19.931349,3.995792,3.995792,3.995792
19.931329,4.892881,4.892881,4.892881
19.931348,4.000034,4.000034,4.000034
19.931334,4.702703,4.702703,4.702703
19.931351,3.849098,3.849098,3.849098
19.931352,3.739811,3.739811,3.739811
19.931354,3.569565,3.569565,3.569565
19.931340,4.442590,4.442590,4.442590
19.931352,3.743710,3.743710,3.743710
19.931342,4.376483,4.376483,4.376483
19.931339,4.509504,4.509504,4.509504
19.931363,2.554568,2.554568,2.554568
19.931364,2.383634,2.383634,2.383634
19.931363,2.635334,2.635334,2.635334
19.931363,2.578035,2.578035,2.578035
19.931362,2.745103,2.745103,4.330065
19.931363,2.644507,2.644507,2.644507
19.931363,2.583525,2.583525,2.583525
19.931362,2.667644,2.667644,2.667644
19.931364,2.356305,2.356305,2.356305
19.931362,2.714493,2.714493,2.714493
19.931364,2.424955,2.424955,2.424955
19.931363,2.546824,2.546824,2.546824
19.931363,2.525499,2.525499,2.525499
19.931362,2.649949,2.649949,2.649949
19.931364,2.322077,2.322077,2.322077
19.931364,2.468789,2.468789,2.468789
19.931362,2.758104,2.758104,2.758104
19.931363,2.562354,2.562354,2.562354
19.931362,2.669056,2.669056,2.669056
19.931363,2.514310,2.514310,2.514310
19.931363,2.546234,2.546234,2.546234
19.878918,15.124031,15.124031,15.124031
19.896616,14.539064,14.539064,14.539064
19.864275,15.471958,15.471958,15.471958
19.913674,13.573824,13.573824,13.573824
19.915946,13.376787,13.376787,13.376787
19.922214,12.627593,14.212556,12.627593
19.920403,12.886980,12.886980,12.886980
19.915609,14.992776,13.407814,13.407814
19.906287,14.073397,14.073397,14.073397
19.909351,13.886983,13.886983,13.886983
19.874803,15.230947,15.230947,15.230947
19.919097,13.048732,13.048732,13.048732
19.888314,14.843920,14.843920,14.843920
19.805874,16.346442,16.346442,16.346442
19.668403,17.346475,17.346475,17.346475
19.910004,13.843915,13.843915,13.843915
19.899671,14.407818,14.407818,14.407818
19.864275,15.471958,15.471958,15.471958
19.917162,13.258950,13.258950,13.258950
19.878918,15.124031,15.124031,15.124031
19.885580,14.931384,14.931384,14.931384
19.738776,16.931421,16.931421,16.931421
19.857391,15.609463,15.609463,15.609463
19.838287,15.931396,15.931396,15.931396
19.838287,15.931396,15.931396,15.931396
19.779408,16.609483,16.609483,16.609483
19.869987,15.346425,15.346425,15.346425
19.919501,13.000637,13.000637,13.000637
19.824484,16.124045,16.124045,16.124045
19.838287,15.931396,15.931396,15.931396
19.779408,16.609483,16.609483,16.609483
19.779408,16.609483,16.609483,16.609483
19.738776,16.931421,16.931421,16.931421
19.857391,15.609463,15.609463,15.609463
19.668403,17.346475,17.346475,17.346475
19.921851,12.683447,12.683447,12.683447
19.920234,12.909007,12.909007,12.909007
19.923059,12.488430,12.488430,12.488430
19.910004,13.843915,13.843915,13.843915
19.916876,13.287519,13.287519,13.287519
19.918200,13.150015,13.150015,13.150015
19.907919,13.977182,13.977182,13.977182
19.913674,13.573824,13.573824,13.573824
19.915946,13.376787,13.376787,13.376787
19.919501,13.000637,13.000637,13.000637
19.918436,13.124020,13.124020,13.124020
19.918436,13.124020,13.124020,13.124020
19.917162,13.258950,13.258950,13.258950
19.914502,13.505111,13.505111,13.505111
19.918884,13.073394,13.073394,13.073394
19.516433,17.931470,17.931470,17.931470
19.888314,14.843920,14.843920,14.843920
19.885580,14.931384,14.931384,14.931384
19.892908,14.683454,14.683454,14.683454
19.914502,13.505111,13.505111,13.505111
19.912268,13.683449,13.683449,13.683449
19.919693,12.977178,12.977178,12.977178
19.920727,12.843912,12.843912,12.843912
19.901006,14.346417,14.346417,14.346417
19.899671,14.407818,14.407818,14.407818
19.904412,14.176491,14.176491,14.176491
19.885580,14.931384,14.931384,14.931384
19.882475,15.024494,15.024494,15.024494
19.908658,13.931378,13.931378,13.931378
19.907919,13.977182,13.977182,13.977182
19.903365,14.230939,14.230939,14.230939
19.915609,13.407814,13.407814,13.407814
19.915946,13.376787,13.376787,13.376787
19.857391,15.609463,15.609463,15.609463
19.888314,14.843920,14.843920,14.843920
19.864275,15.471958,15.471958,15.471958
19.864275,15.471958,15.471958,15.471958
19.805874,16.346442,16.346442,16.346442
19.896616,14.539064,14.539064,14.539064
19.516433,17.931470,17.931470,17.931470
19.878918,15.124031,15.124031,15.124031
19.838287,15.931396,15.931396,15.931396
19.908658,13.931378,13.931378,13.931378
19.909351,13.886983,13.886983,13.886983
19.896616,14.539064,14.539064,14.539064
19.896616,14.539064,14.539064,14.539064
19.907919,13.977182,13.977182,13.977182
19.896616,14.539064,14.539064,14.539064
19.901006,14.346417,14.346417,14.346417
19.878918,15.124031,15.124031,15.124031
19.869987,15.346425,15.346425,15.346425
19.848931,15.761468,15.761468,15.761468
19.824484,16.124045,16.124045,16.124045
19.899671,14.407818,14.407818,14.407818
19.896616,14.539064,14.539064,14.539064
19.910004,13.843915,13.843915,13.843915
19.896616,14.539064,14.539064,14.539064
19.907919,13.977182,13.977182,13.977182
19.885580,14.931384,14.931384,14.931384
19.907919,13.977182,13.977182,13.977182
19.899671,14.407818,14.407818,14.407818
19.805874,16.346442,16.346442,16.346442
19.882475,15.024494,15.024494,15.024494
19.824484,16.124045,16.124045,16.124045
19.888314,14.843920,14.843920,14.843920
19.848931,15.761468,15.761468,15.761468
19.896616,14.539064,14.539064,14.539064
19.885580,14.931384,14.931384,14.931384
19.908658,13.931378,13.931378,13.931378
19.738776,16.931421,16.931421,16.931421
19.917955,13.176488,13.176488,13.176488
19.848931,15.761468,15.761468,15.761468
19.848931,15.761468,15.761468,15.761468
19.824484,16.124045,16.124045,16.124045
19.899671,14.407818,14.407818,14.407818
19.915256,13.439523,13.439523,13.439523
19.779408,16.609483,16.609483,16.609483
19.915609,13.407814,13.407814,13.407814
19.910619,13.802094,13.802094,13.802094
19.738776,16.931421,16.931421,16.931421
19.874803,15.230947,15.230947,15.230947
19.738776,16.931421,16.931421,16.931421
19.805874,16.346442,16.346442,16.346442
19.896616,14.539064,14.539064,14.539064
19.894856,14.609453,14.609453,14.609453
19.805874,16.346442,16.346442,16.346442
19.668403,17.346475,17.346475,17.346475
19.838287,15.931396,15.931396,15.931396
19.878918,15.124031,15.124031,15.124031
19.838287,15.931396,15.931396,15.931396
19.668403,17.346475,17.346475,17.346475
19.885580,14.931384,14.931384,14.931384
19.896616,14.539064,14.539064,14.539064
19.882475,15.024494,15.024494,15.024494
19.857391,15.609463,15.609463,15.609463
19.779408,16.609483,16.609483,16.609483
19.779408,16.609483,16.609483,16.609483
19.805874,16.346442,16.346442,16.346442
19.882475,15.024494,15.024494,15.024494
19.738776,16.931421,16.931421,16.931421
19.910004,15.428877,13.843915,13.843915
19.912761,13.645974,13.645974,13.645974
19.516433,17.931470,17.931470,17.931470
19.898214,14.471949,14.471949,14.471949
19.931568,-2.772732,0.000000,-2.772732
19.931568,-2.869640,0.000000,-2.869640
19.931568,-2.829424,0.000000,-2.829424
19.931568,-2.870751,0.000000,-2.870751
19.931568,-2.922719,0.000000,-2.922719
19.931568,-3.024149,0.000000,-3.024149
19.931568,-3.102850,0.000000,-3.102850
19.931568,-3.007568,0.000000,-3.007568
19.931567,3.986394,0.000000,-0.537168
19.931567,-0.595218,0.000000,-0.595218
19.931554,3.287345,0.000000,3.287345
19.931551,3.507073,0.000000,3.507073
19.931553,3.388657,0.000000,3.388657
19.931556,2.967656,0.000000,2.967656
19.931551,3.528622,0.000000,3.528622
19.931553,3.310775,0.000000,3.310775
19.931553,3.385367,0.000000,3.385367
19.931558,2.812647,0.000000,2.812647
19.931554,3.292397,0.000000,3.292397
19.931549,3.667088,0.000000,3.667088
19.931553,3.356206,0.000000,3.356206
19.931562,1.954344,0.000000,1.954344
19.931557,2.945704,0.000000,2.945704
19.931548,3.757344,0.000000,3.757344
19.931555,3.195906,0.000000,3.195906
19.931553,3.386452,0.000000,3.386452
19.931553,3.358453,0.000000,3.358453
19.931550,3.604471,0.000000,3.604471
19.931553,3.333195,0.000000,3.333195
19.931553,3.351515,0.000000,3.351515
19.931552,3.443477,0.000000,3.443477
19.931554,3.272798,0.000000,3.272798
19.931551,3.512134,0.000000,3.512134
19.931551,3.549788,0.000000,3.549788
19.931551,3.534595,0.000000,3.534595
19.931550,3.614544,0.000000,3.614544
19.931564,1.237353,0.000000,1.237353
19.931554,3.291888,0.000000,3.291888
19.931548,3.796861,0.000000,3.796861
19.931565,1.138866,0.000000,1.138866
19.931554,3.264567,0.000000,3.264567
19.931554,3.205855,0.000000,3.205855
19.931556,2.971815,0.000000,2.971815
19.929400,10.552189,0.000000,10.552189
19.931560,2.493929,0.000000,2.493929
19.931553,3.398847,0.000000,3.398847
19.931551,3.536703,0.000000,3.536703
19.931555,3.150413,0.000000,3.150413
19.931553,3.320975,0.000000,3.320975
19.931555,3.102911,0.000000,3.102911
19.931552,3.452956,0.000000,3.452956
19.931555,3.085245,0.000000,3.085245
19.931555,3.147674,0.000000,3.147674
19.931556,3.043847,0.000000,3.043847
19.931553,3.390380,0.000000,3.390380
19.931556,3.045895,0.000000,3.045895
19.931553,3.337506,0.000000,3.337506
19.931536,4.451156,0.000000,4.451156
19.931554,3.213891,0.000000,3.213891
19.931553,3.337739,0.000000,3.337739
19.931537,4.420804,0.000000,4.420804
19.931557,2.840897,0.000000,2.840897
19.931557,2.958162,0.000000,2.958162
19.931555,3.087598,0.000000,3.087598
19.931554,3.239143,0.000000,3.239143
19.931553,3.307858,0.000000,3.307858
19.931553,3.324729,0.000000,3.324729
19.931542,4.180442,0.000000,4.180442
19.931555,3.152207,0.000000,3.152207
19.931556,3.051650,0.000000,3.051650
19.931553,3.347280,0.000000,3.347280
19.931553,3.328463,0.000000,3.328463
19.931536,4.457355,0.000000,4.457355
19.931552,3.433591,0.000000,3.433591
19.931554,3.277379,0.000000,3.277379
19.931549,3.675617,0.000000,3.675617
19.931553,3.383468,0.000000,3.383468
19.931553,3.328811,0.000000,3.328811
19.931551,3.572470,0.000000,3.572470
19.931552,3.405955,0.000000,3.405955
19.931553,3.389382,0.000000,3.389382
19.931221,7.907813,0.000000,7.907813
19.931547,3.844436,0.000000,3.844436
19.931552,3.427835,0.000000,3.427835
19.931553,3.367776,0.000000,3.367776
19.931549,6.495711,0.000000,3.688357
19.931552,3.438619,0.000000,3.438619
19.931552,3.484000,0.000000,3.484000
19.931555,3.176341,0.000000,3.176341
19.931553,3.357004,0.000000,3.357004
19.931554,3.265371,0.000000,3.265371
19.931549,3.704779,0.000000,3.704779
19.931553,3.388596,0.000000,3.388596
19.931383,7.000830,0.000000,7.000830
19.931551,3.531556,0.000000,3.531556
19.931451,6.333748,0.000000,6.333748
19.931552,3.479584,0.000000,3.479584
19.931551,3.538378,0.000000,3.538378
19.931488,5.784681,0.000000,5.784681
19.931547,3.851250,0.000000,3.851250
19.931554,3.248875,0.000000,3.248875
19.931551,3.515958,0.000000,3.515958
19.931555,3.170900,0.000000,3.170900
19.931550,3.654135,0.000000,3.654135
19.931552,3.473610,0.000000,3.473610
19.931551,3.529755,0.000000,3.529755
19.931474,6.027121,0.000000,6.027121
19.931527,4.803009,0.000000,4.803009
19.931553,3.326175,0.000000,3.326175
19.931552,3.410734,0.000000,3.410734
19.931554,3.261133,0.000000,3.261133
19.931553,3.399090,0.000000,3.399090
19.931539,4.320601,0.000000,4.320601
19.931556,3.018211,0.000000,3.018211
19.931552,3.452703,0.000000,3.452703
19.931552,3.477333,0.000000,3.477333
19.931528,4.777857,0.000000,4.777857
19.931552,3.473866,0.000000,3.473866
19.931553,3.393167,0.000000,3.393167
19.931552,3.406812,0.000000,3.406812
19.931552,3.457672,0.000000,3.457672
19.931555,3.165505,0.000000,3.165505
19.931555,3.145860,0.000000,3.145860
19.931552,3.411164,0.000000,3.411164
19.931551,3.517510,0.000000,3.517510
19.931554,3.253188,0.000000,3.253188
19.931553,3.394076,0.000000,3.394076
19.931524,4.924540,0.000000,4.924540
19.931554,3.241242,0.000000,3.241242
19.931551,3.505762,0.000000,3.505762
19.931552,3.406812,0.000000,3.406812
19.931556,3.000138,0.000000,3.000138
19.931556,3.026275,0.000000,3.026275
19.931502,5.499287,0.000000,5.499287
19.931552,3.486941,0.000000,3.486941
19.931553,3.312379,0.000000,3.312379
19.931556,3.037105,0.000000,3.037105
19.931549,6.486627,0.000000,3.679272
19.931555,3.144124,0.000000,3.144124
19.931540,4.265177,0.000000,4.265177
19.931552,3.412269,0.000000,3.412269
19.931551,3.578111,0.000000,3.578111
19.931467,6.129859,0.000000,6.129859
19.931548,3.741782,0.000000,3.741782
19.931556,3.011006,0.000000,3.011006
19.931552,3.433560,0.000000,3.433560
19.931549,3.701022,0.000000,3.701022
19.931556,2.990749,0.000000,2.990749
19.931553,3.336631,0.000000,3.336631
19.931551,3.511805,0.000000,3.511805
19.931554,3.243235,0.000000,3.243235
19.931552,3.400796,0.000000,3.400796
19.931552,3.418025,0.000000,3.418025
19.931552,3.458750,0.000000,3.458750
19.931544,4.040306,0.000000,4.040306
19.931551,3.525761,0.000000,3.525761
19.931539,4.331306,0.000000,4.331306
19.931550,3.656025,0.000000,3.656025
19.931550,3.615003,0.000000,3.615003
19.931551,3.554764,0.000000,3.554764
19.931553,3.347369,0.000000,3.347369
19.931552,3.459416,0.000000,3.459416
19.931549,3.665696,0.000000,3.665696
19.931553,3.381362,0.000000,3.381362
19.931552,3.405863,0.000000,3.405863
19.931553,3.359460,0.000000,3.359460
19.931548,3.776750,0.000000,3.776750
19.931554,3.289516,0.000000,3.289516
19.931539,4.324989,0.000000,4.324989
19.931547,3.856674,0.000000,3.856674
19.931552,3.464217,0.000000,3.464217
19.931552,3.411164,0.000000,3.411164
19.931553,3.321927,0.000000,3.321927
19.931552,3.469545,0.000000,3.469545
19.931553,3.391046,0.000000,3.391046
19.931551,3.528756,0.000000,3.528756
19.931451,6.338177,0.000000,6.338177
19.931552,3.401802,0.000000,3.401802
19.931552,3.435713,0.000000,3.435713
19.931551,3.524599,0.000000,3.524599
19.931552,3.461990,0.000000,3.461990
19.931552,3.441500,0.000000,3.441500
19.931552,3.472200,0.000000,3.472200
19.931552,3.408618,0.000000,3.408618
19.931544,4.045776,0.000000,4.045776
19.931552,3.412239,0.000000,3.412239
19.931549,3.673775,0.000000,3.673775
19.931553,3.307743,0.000000,3.307743
19.931551,3.523802,0.000000,3.523802
19.931552,3.467724,0.000000,3.467724
19.931553,3.302695,0.000000,3.302695
19.931555,3.172252,0.000000,3.172252
19.931552,3.464121,0.000000,3.464121
19.931549,3.694022,0.000000,3.694022
19.931223,7.899522,0.000000,7.899522
19.931556,3.073927,0.000000,3.073927
19.931554,3.282733,0.000000,3.282733
19.931533,4.609217,0.000000,4.609217
19.931551,3.559893,0.000000,3.559893
19.931552,3.428860,0.000000,3.428860
19.931553,3.313125,0.000000,3.313125
19.931552,3.404518,0.000000,3.404518
19.931552,3.402107,0.000000,3.402107
19.931539,4.328173,0.000000,4.328173
19.931556,3.032872,0.000000,3.032872
19.931533,4.596317,0.000000,4.596317
19.931380,7.025429,0.000000,7.025429
19.931549,3.704742,0.000000,3.704742
19.931549,3.709226,0.000000,3.709226
19.931553,3.306487,0.000000,3.306487
19.931549,3.712097,0.000000,3.712097
19.931542,4.179344,0.000000,4.179344
19.931552,3.459258,0.000000,3.459258
19.931548,3.785357,0.000000,3.785357
19.931549,3.708848,0.000000,3.708848
19.931502,5.506352,0.000000,5.506352
19.931549,3.660834,0.000000,3.660834
19.931554,3.236992,0.000000,3.236992
19.931525,4.904958,0.000000,4.904958
19.931551,3.516519,0.000000,3.516519
19.931555,3.151823,0.000000,3.151823
19.931552,3.407057,0.000000,3.407057
19.931489,5.771539,0.000000,5.771539
19.931474,6.023738,0.000000,6.023738
19.931542,4.163745,0.000000,4.163745
19.931552,3.480260,0.000000,3.480260
19.931552,3.435681,0.000000,3.435681
19.931551,3.518667,0.000000,3.518667
19.931553,3.397569,0.000000,3.397569
19.931547,3.862789,0.000000,3.862789
19.931554,3.282873,0.000000,3.282873
19.931552,3.442316,0.000000,3.442316
19.931552,3.465109,0.000000,3.465109
19.931551,3.526094,0.000000,3.526094
19.931550,3.651667,0.000000,3.651667
19.931540,4.277659,0.000000,4.277659
19.931466,6.134109,0.000000,6.134109
19.931550,3.620742,0.000000,3.620742
19.931553,3.399547,0.000000,3.399547
19.931552,3.465874,0.000000,3.465874
19.931555,3.136923,0.000000,3.136923
19.931553,3.321927,0.000000,3.321927
19.931554,3.242307,0.000000,3.242307
19.931554,3.279395,0.000000,3.279395
19.931556,3.079111,0.000000,3.079111
19.931556,3.043467,0.000000,3.043467
19.931561,2.199718,0.000000,2.199718
19.931561,2.193185,0.000000,2.193185
19.931562,1.886427,0.000000,1.886427
19.931554,3.245478,0.000000,3.245478
19.931561,2.268969,0.000000,2.268969
19.931562,2.017229,0.000000,2.017229
19.931556,2.975464,0.000000,2.975464
19.931556,3.002541,0.000000,3.002541
19.931554,3.264595,0.000000,3.264595
19.931561,2.190996,0.000000,2.190996
19.931561,2.201496,0.000000,2.201496
19.931561,2.163319,0.000000,2.163319
19.931555,3.165919,0.000000,3.165919
19.931561,2.136949,0.000000,2.136949
19.931562,1.891642,0.000000,1.891642
19.931558,2.798104,0.000000,2.798104
19.931553,3.324816,0.000000,3.324816
19.931562,1.937933,0.000000,1.937933
19.931562,2.018784,0.000000,2.018784
19.931561,2.135731,0.000000,2.135731
19.931550,3.583012,0.000000,3.583012
19.931561,2.266273,0.000000,2.266273
19.931561,2.197546,0.000000,2.197546
19.931563,1.691028,0.000000,1.691028
19.931562,1.888872,0.000000,1.888872
19.931562,2.020913,0.000000,2.020913
19.931555,3.169809,0.000000,3.169809
19.931560,2.491477,0.000000,2.491477
19.931562,1.933506,0.000000,1.933506
19.931562,1.958352,0.000000,1.958352
19.931562,1.980738,0.000000,1.980738
19.931563,1.797161,0.000000,1.797161
19.931555,3.134160,0.000000,3.134160
19.931554,3.199984,0.000000,3.199984
19.931558,2.794056,0.000000,2.794056
19.931562,1.922067,0.000000,1.922067
19.931561,2.211978,0.000000,2.211978
19.931562,1.922176,0.000000,1.922176
19.931562,2.071245,0.000000,2.071245
19.931562,1.931689,0.000000,1.931689
19.931563,1.738447,0.000000,1.738447
19.931561,2.132678,0.000000,2.132678
19.931559,2.560285,0.000000,2.560285
19.931561,2.300376,0.000000,2.300376
19.931554,3.300277,0.000000,3.300277
19.931561,2.214721,0.000000,2.214721
19.931556,3.018491,0.000000,3.018491
19.931561,2.161485,0.000000,2.161485
19.931552,3.421082,0.000000,3.421082
19.931562,1.991311,0.000000,1.991311
19.931562,1.956067,0.000000,1.956067
19.931556,3.073878,0.000000,3.073878
19.931563,1.722648,0.000000,1.722648
19.931562,1.964285,0.000000,1.964285
19.931562,2.038171,0.000000,2.038171
19.931563,1.701651,0.000000,1.701651
19.931555,3.138600,0.000000,3.138600
19.931562,2.008530,0.000000,2.008530
19.931555,3.183454,0.000000,3.183454
19.931563,1.827389,0.000000,1.827389
19.931562,1.911695,0.000000,1.911695
19.931561,2.129190,0.000000,2.129190
19.931561,2.232483,0.000000,2.232483
19.931561,2.162582,0.000000,2.162582
19.931555,3.178038,0.000000,3.178038
19.931562,2.012635,0.000000,2.012635
19.931562,2.038823,0.000000,2.038823
19.931553,3.305602,0.000000,3.305602
19.931563,1.837139,0.000000,1.837139
19.931563,1.831686,0.000000,1.831686
19.931523,4.941198,0.000000,4.941198
19.931562,2.028145,0.000000,2.028145
19.931563,1.681297,0.000000,1.681297
19.931556,3.016856,0.000000,3.016856
19.931562,1.960271,0.000000,1.960271
19.931562,1.994378,0.000000,1.994378
19.931556,3.005666,0.000000,3.005666
19.931562,2.031432,0.000000,2.031432
19.931550,3.587827,0.000000,3.587827
19.931556,3.011959,0.000000,3.011959
19.931561,2.197334,0.000000,2.197334
19.931557,2.934432,0.000000,2.934432
19.931563,1.613714,0.000000,1.613714
19.931556,3.024137,0.000000,3.024137
19.931562,2.048531,0.000000,2.048531
19.931563,1.615101,0.000000,1.615101
19.931562,1.927040,0.000000,1.927040
19.931562,1.966381,0.000000,1.966381
19.931562,1.911402,0.000000,1.911402
19.931562,1.913639,0.000000,1.913639
19.931562,1.995470,0.000000,1.995470
19.931561,2.196699,0.000000,2.196699
19.931557,2.902777,0.000000,2.902777
19.931561,2.130541,0.000000,2.130541
19.931563,1.787896,0.000000,1.787896
19.931556,2.974012,0.000000,2.974012
19.931552,3.415868,0.000000,3.415868
19.931563,1.849388,0.000000,1.849388
19.931561,2.138384,0.000000,2.138384
19.931562,1.969576,0.000000,1.969576
19.931562,1.981730,0.000000,1.981730
19.931556,3.005851,0.000000,3.005851
19.931561,2.142773,0.000000,2.142773
19.931553,3.306316,0.000000,3.306316
19.931561,2.116009,0.000000,2.116009
19.931561,2.189153,0.000000,2.189153
19.931562,1.930610,0.000000,1.930610
19.931563,1.604796,0.000000,1.604796
19.931562,2.058244,0.000000,2.058244
19.931556,2.968943,0.000000,2.968943
19.931562,1.923369,0.000000,1.923369
19.931555,3.132109,0.000000,3.132109
19.931562,1.967328,0.000000,1.967328
19.931556,3.001523,0.000000,3.001523
19.931553,3.305887,0.000000,3.305887
19.931562,2.062685,0.000000,2.062685
19.931555,3.187785,0.000000,3.187785
19.931562,1.886661,0.000000,1.886661
19.931563,1.844126,0.000000,1.844126
19.931555,3.126479,0.000000,3.126479
19.931555,3.108574,0.000000,3.108574
19.931556,3.014825,0.000000,3.014825
19.931562,1.920635,0.000000,1.920635
19.931562,2.007103,0.000000,2.007103
19.931563,1.604112,0.000000,1.604112
19.931561,2.255762,0.000000,2.255762
19.931561,2.150784,0.000000,2.150784
19.931562,2.014464,0.000000,2.014464
19.931561,2.306130,0.000000,2.306130
19.931563,1.741676,0.000000,1.741676
19.931561,2.152810,0.000000,2.152810
19.931563,1.735600,0.000000,1.735600
19.931555,3.171264,0.000000,3.171264
19.931562,1.969598,0.000000,1.969598
19.931562,1.952991,0.000000,1.952991
19.931560,2.382686,0.000000,2.382686
19.931562,2.057523,0.000000,2.057523
19.931562,2.009948,0.000000,2.009948
19.931561,2.165854,0.000000,2.165854
19.931563,1.846438,0.000000,1.846438
19.931556,3.068035,0.000000,3.068035
19.931555,3.136619,0.000000,3.136619
19.931561,2.258742,0.000000,2.258742
19.931560,2.378629,0.000000,2.378629
19.931562,2.029652,0.000000,2.029652
19.931556,3.027404,0.000000,3.027404
19.931556,3.081918,0.000000,3.081918
19.931553,3.319506,0.000000,3.319506
19.931561,2.147956,0.000000,2.147956
19.931562,1.915064,0.000000,1.915064
19.931562,1.901590,0.000000,1.901590
19.931561,2.233379,0.000000,2.233379
19.931563,1.842728,0.000000,1.842728
19.931561,2.145707,0.000000,2.145707
19.931563,1.836366,0.000000,1.836366
19.931562,2.009773,0.000000,2.009773
19.931555,3.086519,0.000000,3.086519
19.931555,3.121599,0.000000,3.121599
19.931561,2.290603,0.000000,2.290603
19.931554,3.267398,0.000000,3.267398
19.931554,3.251813,0.000000,3.251813
19.931562,1.939426,0.000000,1.939426
19.931554,3.204631,0.000000,3.204631
19.931561,2.126240,0.000000,2.126240
19.931555,3.172304,0.000000,3.172304
19.931563,1.717524,0.000000,1.717524
19.931555,3.195087,0.000000,3.195087
19.931557,2.898338,0.000000,2.898338
19.931562,2.015082,0.000000,2.015082
19.931556,2.995459,0.000000,2.995459
19.931563,1.690898,0.000000,1.690898
19.931560,2.488025,0.000000,2.488025
19.931562,2.042539,0.000000,2.042539
19.931559,2.558210,0.000000,2.558210
19.931562,1.982927,0.000000,1.982927
19.931563,1.748679,0.000000,1.748679
19.931562,2.048650,0.000000,2.048650
19.931555,3.168044,0.000000,3.168044
19.931561,2.123119,0.000000,2.123119
19.931561,2.149453,0.000000,2.149453
19.931555,3.111838,0.000000,3.111838
19.931562,1.940278,0.000000,1.940278
19.931562,1.959878,0.000000,1.959878
19.931561,2.136911,0.000000,2.136911
19.931555,3.173865,0.000000,3.173865
19.931557,2.940888,0.000000,2.940888
19.931556,2.977621,0.000000,2.977621
19.931562,2.050705,0.000000,2.050705
19.931562,2.045145,0.000000,2.045145
19.931556,3.020152,0.000000,3.020152
19.931563,1.838522,0.000000,1.838522
19.931523,4.951339,0.000000,4.951339
19.931563,1.823748,0.000000,1.823748
19.931561,2.296034,0.000000,2.296034
19.931567,-0.853677,0.000000,-0.853677
19.931567,-0.537883,0.000000,-0.537883
19.931567,-0.797099,0.000000,-0.797099
19.931566,-0.093991,0.000000,-0.093991
19.931567,-1.574067,0.000000,-1.574067
19.931567,-0.780507,0.000000,-0.780507
19.931567,-1.520688,0.000000,2.727240
19.931567,-1.480604,0.000000,-1.480604
19.931567,-0.692303,0.000000,-0.692303
19.931567,-1.555564,0.000000,-1.555564
19.931567,-0.597890,0.000000,-0.597890
19.931567,-0.677340,0.000000,-0.677340
19.931567,-1.440870,0.000000,0.144092
19.931567,-1.176536,0.000000,-1.176536
19.931567,-0.614400,0.000000,-0.614400
19.931567,-1.028032,0.000000,-1.028032
19.931567,-1.975468,0.000000,-1.975468
19.931567,-1.635986,0.000000,-1.635986
19.931567,-0.844584,0.000000,-0.844584
19.931567,-0.663804,0.000000,-0.663804
19.931567,-1.520907,0.000000,1.649018
19.931567,-1.058407,0.000000,-1.058407
19.931567,-1.239817,0.000000,-1.239817
19.931567,-0.788822,0.000000,-0.788822
19.931567,-0.852161,0.000000,-0.852161
19.931567,-1.489109,0.000000,-1.489109
19.931567,-0.465606,0.000000,-0.465606
19.931567,-1.629015,0.000000,-1.629015
19.931566,-1.597283,0.000000,-0.012321
19.931567,-1.281538,0.000000,-1.281538
19.931567,-0.227944,0.000000,-0.227944
19.931567,-1.419020,0.000000,-1.419020
19.931567,-0.968612,0.000000,-0.968612
19.931567,-0.738098,0.000000,-0.738098
19.931567,-1.317805,0.000000,-1.317805
19.931567,-0.253538,0.000000,-0.253538
19.931567,-0.893742,0.000000,-0.893742
19.931567,-1.333709,0.000000,-1.333709
19.931567,-0.891597,0.000000,-0.891597
19.931567,-0.794915,0.000000,-0.794915
19.931567,-1.994826,0.000000,6.770046
19.931567,-0.844391,0.000000,-0.844391
19.931567,-0.445206,0.000000,-0.445206
19.931567,-0.421741,0.000000,-0.421741
19.931567,-0.378632,0.000000,-0.378632
19.931567,-1.558816,0.000000,-1.558816
19.931567,-1.522122,0.000000,-1.522122
19.931567,-0.803375,0.000000,-0.803375
19.931566,0.151842,0.000000,0.151842
19.931567,-1.282456,0.000000,-1.282456
19.931566,-0.075421,0.000000,-0.075421
19.931567,-1.186845,0.000000,-1.186845
19.931567,-1.280629,0.000000,-1.280629
19.931567,-0.859206,0.000000,-0.859206
19.931567,-1.418396,0.000000,-1.418396
19.931566,-0.100023,0.000000,-0.100023
19.931567,-1.056221,0.000000,-1.056221
19.931567,-1.166052,0.000000,-1.166052
19.931567,-1.487995,0.000000,0.833933
19.931567,-1.357374,0.000000,-1.357374
