21.430516,9.423138,9.423138,9.423138
21.728725,9.423138,9.423138,9.423138
21.385191,9.423138,9.423138,9.423138
21.957684,9.423138,9.423138,9.423138
17.877811,9.427974,9.427974,9.427974
22.532914,9.423138,9.423138,9.423138
21.138385,9.423138,9.423138,9.423138
22.264899,9.423138,9.423138,9.423138
22.069022,9.423138,9.423138,9.423138
20.833766,9.423138,9.423138,9.423138
20.900390,9.423138,9.423138,9.423138
10.650367,9.427974,9.427974,9.427974
22.184759,9.423138,9.423138,9.423138
21.358917,9.423138,9.423138,9.423138
22.108398,9.423138,9.423138,9.423138
22.194971,9.423138,9.423138,9.423138
23.245543,9.423138,9.423138,9.423138
22.268693,9.423138,9.423138,9.423138
21.910057,9.423138,9.423138,9.423138
21.393124,9.423138,9.423138,9.423138
21.864267,9.423138,9.423138,9.423138
21.715939,9.423138,9.423138,9.423138
21.201352,9.423138,9.423138,9.423138
23.121228,9.423138,9.423138,9.423138
22.638823,9.423138,9.423138,9.423138
22.149285,9.423138,9.423138,9.423138
21.492252,9.423138,9.423138,9.423138
20.625058,9.423138,9.423138,9.423138
22.491860,9.423138,9.423138,9.423138
20.887854,9.423138,9.423138,9.423138
21.718046,9.423138,9.423138,9.423138
19.390388,9.427974,9.427974,9.427974
21.234111,9.423138,9.423138,9.423138
20.632388,9.423138,9.423138,9.423138
22.587364,9.423138,9.423138,9.423138
20.876237,9.423138,9.423138,9.423138
22.891805,9.423138,9.423138,9.423138
21.638368,9.423138,9.423138,9.423138
21.137240,9.423138,9.423138,9.423138
21.565990,9.423138,9.423138,9.423138
22.725444,9.423138,9.423138,9.423138
21.068346,9.423138,9.423138,9.423138
21.429347,9.423138,9.423138,9.423138
21.815545,9.423138,9.423138,9.423138
21.383743,9.423138,9.423138,9.423138
19.977407,9.423138,9.423138,9.423138
21.674325,9.423138,9.423138,9.423138
21.595670,9.423138,9.423138,9.423138
20.624649,9.423138,9.423138,9.423138
21.435181,9.423138,9.423138,9.423138
21.508500,9.423138,9.423138,9.423138
21.726633,9.423138,9.423138,9.423138
21.516225,9.423138,9.423138,9.423138
20.852370,9.423138,9.423138,9.423138
20.150208,9.423138,9.423138,9.423138
21.230895,9.423138,9.423138,9.423138
22.019561,9.423138,9.423138,9.423138
21.575317,9.423138,9.423138,9.423138
23.156471,9.423138,9.423138,9.423138
23.008140,9.423138,9.423138,9.423138
22.278850,9.423138,9.423138,9.423138
21.808371,9.423138,9.423138,9.423138
21.144380,9.423138,9.423138,9.423138
20.871426,9.423138,9.423138,9.423138
21.152334,9.423138,9.423138,9.423138
23.548847,9.423138,9.423138,9.423138
21.974446,9.423138,9.423138,9.423138
21.493147,9.423138,9.423138,9.423138
22.650804,9.423138,9.423138,9.423138
21.818047,9.423138,9.423138,9.423138
21.168112,9.423138,9.423138,9.423138
21.874950,9.423138,9.423138,9.423138
22.389343,9.423138,9.423138,9.423138
21.439598,9.423138,9.423138,9.423138
22.206750,9.423138,9.423138,9.423138
21.647642,9.423138,9.423138,9.423138
20.979165,9.423138,9.423138,9.423138
22.308771,9.423138,9.423138,9.423138
22.728107,9.423138,9.423138,9.423138
22.221272,9.423138,9.423138,9.423138
21.317072,9.423138,9.423138,9.423138
21.851411,9.423138,9.423138,9.423138
22.477573,9.423138,9.423138,9.423138
23.343584,9.423138,9.423138,9.423138
22.514408,9.423138,9.423138,9.423138
21.468784,9.423138,9.423138,9.423138
22.907499,9.423138,9.423138,9.423138
21.111534,9.423138,9.423138,9.423138
21.144380,9.423138,9.423138,9.423138
21.110368,9.423138,9.423138,9.423138
21.665617,9.423138,9.423138,9.423138
22.364491,9.423138,9.423138,9.423138
22.202105,9.423138,9.423138,9.423138
21.234379,9.423138,9.423138,9.423138
21.653259,9.423138,9.423138,9.423138
22.747741,9.423138,9.423138,9.423138
22.196209,9.423138,9.423138,9.423138
21.206818,9.423138,9.423138,9.423138
21.391205,9.423138,9.423138,9.423138
20.996312,9.423138,9.423138,9.423138
24.016510,9.423138,9.423138,9.423138
21.450007,9.423138,9.423138,9.423138
22.190150,9.423138,9.423138,9.423138
21.314542,9.423138,9.423138,9.423138
21.559168,9.423138,9.423138,9.423138
22.157918,9.423138,9.423138,9.423138
21.884873,9.423138,9.423138,9.423138
21.388081,9.423138,9.423138,9.423138
22.054846,9.423138,9.423138,9.423138
22.561143,9.423138,9.423138,9.423138
23.722275,9.423138,9.423138,9.423138
21.339391,9.423138,9.423138,9.423138
22.933614,9.423138,9.423138,9.423138
22.469637,9.423138,9.423138,9.423138
22.859112,9.423138,9.423138,9.423138
22.023748,9.423138,9.423138,9.423138
22.954073,9.423138,9.423138,9.423138
21.093942,9.423138,9.423138,9.423138
20.902076,9.423138,9.423138,9.423138
21.358917,9.423138,9.423138,9.423138
22.809944,9.423138,9.423138,9.423138
14.109798,9.427974,9.427974,9.427974
22.686261,9.423138,9.423138,9.423138
21.859589,9.423138,9.423138,9.423138
22.198268,9.423138,9.423138,9.423138
23.623756,9.423138,9.423138,9.423138
22.013179,9.423138,9.423138,9.423138
20.986493,9.423138,9.423138,9.423138
23.205010,9.423138,9.423138,9.423138
21.856637,9.423138,9.423138,9.423138
21.211720,9.423138,9.423138,9.423138
19.521172,9.427974,9.427974,9.427974
19.385560,9.427974,9.427974,9.427974
19.861583,9.423138,9.423138,9.423138
19.640268,9.427974,9.427974,9.427974
19.447102,9.427974,9.427974,9.427974
20.796547,9.423138,9.423138,9.423138
15.536499,9.427974,9.427974,9.427974
19.712991,9.427974,9.427974,9.427974
19.925307,9.423138,9.423138,9.423138
19.775596,9.427974,9.427974,9.427974
20.038155,9.423138,9.423138,9.423138
19.253993,9.427974,9.427974,9.427974
20.816707,9.423138,9.423138,9.423138
19.995838,9.423138,9.423138,9.423138
20.387720,9.423138,9.423138,9.423138
20.596607,9.423138,9.423138,9.423138
19.825649,9.427974,9.427974,9.427974
19.468264,9.427974,9.427974,9.427974
20.143952,9.423138,9.423138,9.423138
20.675212,9.423138,9.423138,9.423138
19.803376,9.427974,9.427974,9.427974
19.835815,9.423951,9.423951,9.423951
19.571358,9.427974,9.427974,9.427974
20.356583,9.423138,9.423138,9.423138
20.085806,9.423138,9.423138,9.423138
18.864686,9.427974,9.427974,9.427974
21.049912,9.423138,9.423138,9.423138
19.380716,9.427974,9.427974,9.427974
19.747270,9.427974,9.427974,9.427974
20.760946,9.423138,9.423138,9.423138
20.095269,9.423138,9.423138,9.423138
19.200014,9.427974,9.427974,9.427974
20.411113,9.423138,9.423138,9.423138
19.662792,9.427974,9.427974,9.427974
20.028309,9.423138,9.423138,9.423138
19.677878,9.427974,9.427974,9.427974
20.582379,9.423138,9.423138,9.423138
19.571358,9.427974,9.427974,9.427974
20.080456,9.423138,9.423138,9.423138
19.628056,9.427974,9.427974,9.427974
20.538398,9.423138,9.423138,9.423138
21.966412,9.423138,9.423138,9.423138
20.485409,9.423138,9.423138,9.423138
20.992202,9.423138,9.423138,9.423138
20.095269,9.423138,9.423138,9.423138
21.289258,9.423138,9.423138,9.423138
21.551669,9.423138,9.423138,9.423138
20.608633,9.423138,9.423138,9.423138
22.517271,9.423138,9.423138,9.423138
21.401253,9.423138,9.423138,9.423138
27.786804,9.423138,9.423138,9.423138
28.018300,9.423138,9.423138,9.423138
20.398747,9.423138,9.423138,9.423138
27.529338,9.423138,9.423138,9.423138
27.348803,9.423138,9.423138,9.423138
29.092642,9.423138,9.423138,9.423138
23.881780,9.423138,9.423138,9.423138
27.254109,9.423138,9.423138,9.423138
24.344406,9.423138,9.423138,9.423138
28.178792,9.423138,9.423138,9.423138
27.595792,9.423138,9.423138,9.423138
27.059930,9.423138,9.423138,9.423138
26.268965,9.740036,7.624558,7.624558
24.574855,9.423138,9.423138,9.423138
27.820491,9.423138,9.423138,9.423138
27.734231,9.423138,9.423138,9.423138
27.089743,9.423138,9.423138,9.423138
24.671350,9.423138,9.423138,9.423138
22.210973,9.423138,9.423138,9.423138
27.673820,9.423138,9.423138,9.423138
27.647195,9.423138,9.423138,9.423138
27.751268,9.423138,9.423138,9.423138
27.603505,9.423138,9.423138,9.423138
25.377796,9.423138,9.423138,9.423138
23.956123,9.423138,9.423138,9.423138
27.210543,9.581814,8.844849,8.844849
24.363222,9.423138,9.423138,9.423138
24.363406,9.423138,9.423138,9.423138
28.107755,9.423138,9.423138,9.423138
26.303658,9.423138,9.423138,9.423138
24.724337,9.423138,9.423138,9.423138
27.518406,9.423138,9.423138,9.423138
26.294582,9.423138,9.423138,9.423138
27.158886,9.423138,9.423138,9.423138
27.171814,9.423138,9.423138,9.423138
26.570803,9.423138,9.423138,9.423138
27.953088,9.423138,9.423138,9.423138
26.776598,9.423138,9.423138,9.423138
26.881008,9.423138,9.423138,9.423138
26.351460,9.423138,9.423138,9.423138
27.930384,9.423138,9.423138,9.423138
24.123632,9.423138,9.423138,9.423138
27.541689,9.423138,9.423138,9.423138
27.730349,9.423138,9.423138,9.423138
22.758947,9.423138,9.423138,9.423138
22.814784,9.423138,9.423138,9.423138
23.622120,9.423138,9.423138,9.423138
22.341691,9.423138,9.423138,9.423138
22.657806,9.423138,9.423138,9.423138
22.405359,9.423138,9.423138,9.423138
22.424370,9.423138,9.423138,9.423138
22.944370,9.423138,9.423138,9.423138
23.360052,9.423138,9.423138,9.423138
21.623935,9.423138,9.423138,9.423138
22.853286,9.423138,9.423138,9.423138
22.769513,9.423138,9.423138,9.423138
23.138349,9.423138,9.423138,9.423138
22.850058,9.423138,9.423138,9.423138
22.777525,9.423138,9.423138,9.423138
22.819966,9.423138,9.423138,9.423138
22.333843,9.423138,9.423138,9.423138
22.706661,9.423138,9.423138,9.423138
22.666659,9.423138,9.423138,9.423138
23.680992,9.423138,9.423138,9.423138
24.151289,9.423138,9.423138,9.423138
22.945270,9.423138,9.423138,9.423138
23.642786,9.423138,9.423138,9.423138
23.141207,9.423138,9.423138,9.423138
23.864677,9.423138,9.423138,9.423138
23.860652,9.423138,9.423138,9.423138
23.216978,9.423138,9.423138,9.423138
23.834671,9.423138,9.423138,9.423138
23.269118,9.423138,9.423138,9.423138
24.288243,9.423138,9.423138,9.423138
23.084879,9.423138,9.423138,9.423138
23.081536,9.423138,9.423138,9.423138
24.291237,9.423138,9.423138,9.423138
23.992341,9.423138,9.423138,9.423138
24.386681,9.423138,9.423138,9.423138
23.343956,9.423138,9.423138,9.423138
23.346125,9.423138,9.423138,9.423138
22.534654,9.423138,9.423138,9.423138
23.967438,9.423138,9.423138,9.423138
23.171366,9.423138,9.423138,9.423138
23.631195,9.423138,9.423138,9.423138
22.998874,9.423138,9.423138,9.423138
23.442121,9.423138,9.423138,9.423138
24.274122,9.423138,9.423138,9.423138
22.831512,9.423138,9.423138,9.423138
24.444219,9.423138,9.423138,9.423138
23.890892,9.423138,9.423138,9.423138
20.278785,9.423138,9.423138,9.423138
24.346481,9.423138,9.423138,9.423138
23.409484,9.423138,9.423138,9.423138
23.181465,9.423138,9.423138,9.423138
24.396551,9.423138,9.423138,9.423138
23.307976,9.423138,9.423138,9.423138
23.446344,9.423138,9.423138,9.423138
23.434103,9.423138,9.423138,9.423138
20.908129,9.423138,9.423138,9.423138
24.181344,9.423138,9.423138,9.423138
23.806730,9.423138,9.423138,9.423138
24.318161,9.423138,9.423138,9.423138
22.526043,9.423138,9.423138,9.423138
22.187941,9.423138,9.423138,9.423138
24.049627,9.423138,9.423138,9.423138
23.653534,9.423138,9.423138,9.423138
23.243949,9.423138,9.423138,9.423138
22.656109,9.423138,9.423138,9.423138
24.256275,9.423138,9.423138,9.423138
23.444610,9.423138,9.423138,9.423138
22.939782,9.423138,9.423138,9.423138
24.206392,9.423138,9.423138,9.423138
24.308437,9.423138,9.423138,9.423138
23.645958,9.423138,9.423138,9.423138
23.045838,9.423138,9.423138,9.423138
23.595175,9.423138,9.423138,9.423138
22.913696,9.423138,9.423138,9.423138
23.044618,9.423138,9.423138,9.423138
24.587063,9.423138,9.423138,9.423138
23.095379,9.423138,9.423138,9.423138
23.773778,9.423138,9.423138,9.423138
22.876709,9.423138,9.423138,9.423138
23.769536,9.423138,9.423138,9.423138
23.066882,9.423138,9.423138,9.423138
23.920470,9.423138,9.423138,9.423138
24.029755,9.423138,9.423138,9.423138
24.199999,9.423138,9.423138,9.423138
23.326989,9.423138,9.423138,9.423138
24.025856,9.423138,9.423138,9.423138
23.393094,9.423138,9.423138,9.423138
23.260076,9.423138,9.423138,9.423138
25.214988,9.423138,9.423138,9.423138
25.385921,9.423138,9.423138,9.423138
25.134222,9.423138,9.423138,9.423138
25.191521,9.423138,9.423138,9.423138
24.439712,8.838396,8.838396,9.575361
25.125049,9.423138,9.423138,9.423138
25.186030,9.423138,9.423138,9.423138
25.101912,9.423138,9.423138,9.423138
25.413249,9.423138,9.423138,9.423138
25.055063,9.423138,9.423138,9.423138
25.344599,9.423138,9.423138,9.423138
25.222732,9.423138,9.423138,9.423138
25.244057,9.423138,9.423138,9.423138
25.119608,9.423138,9.423138,9.423138
25.447477,9.423138,9.423138,9.423138
25.300766,9.423138,9.423138,9.423138
25.011453,9.423138,9.423138,9.423138
25.207202,9.423138,9.423138,9.423138
25.100500,9.423138,9.423138,9.423138
25.255245,9.423138,9.423138,9.423138
25.223322,9.423138,9.423138,9.423138
12.700993,9.427974,9.427974,9.427974
13.269277,9.427974,9.427974,9.427974
12.366574,9.427974,9.427974,9.427974
14.218051,9.427974,9.427974,9.427974
14.412867,9.427974,9.427974,9.427974
15.155895,9.427974,10.164940,9.427974
14.898294,9.427974,9.427974,9.427974
14.377334,10.160104,9.423138,9.423138
13.725655,9.427974,9.427974,9.427974
13.909101,9.427974,9.427974,9.427974
12.597899,9.427974,9.427974,9.427974
14.737830,9.427974,9.427974,9.427974
12.972295,9.427974,9.427974,9.427974
11.543452,9.427974,9.427974,9.427974
10.650367,9.427974,9.427974,9.427974
13.951536,9.427974,9.427974,9.427974
13.397601,9.427974,9.427974,9.427974
12.366574,9.427974,9.427974,9.427974
14.529512,9.427974,9.427974,9.427974
12.700993,9.427974,9.427974,9.427974
12.887406,9.427974,9.427974,9.427974
11.012937,9.427974,9.427974,9.427974
12.235329,9.427974,9.427974,9.427974
11.930475,9.427974,9.427974,9.427974
11.930475,9.427974,9.427974,9.427974
11.302443,9.427974,9.427974,9.427974
12.486868,9.427974,9.427974,9.427974
14.785526,9.427974,9.427974,9.427974
11.749902,9.427974,9.427974,9.427974
11.930475,9.427974,9.427974,9.427974
11.302443,9.427974,9.427974,9.427974
11.302443,9.427974,9.427974,9.427974
11.012937,9.427974,9.427974,9.427974
12.235329,9.427974,9.427974,9.427974
10.650367,9.427974,9.427974,9.427974
15.100400,9.427974,9.427974,9.427974
14.876435,9.427974,9.427974,9.427974
15.294223,9.427974,9.427974,9.427974
13.951536,9.427974,9.427974,9.427974
14.501223,9.427974,9.427974,9.427974
14.637428,9.427974,9.427974,9.427974
13.820292,9.427974,9.427974,9.427974
14.218051,9.427974,9.427974,9.427974
14.412867,9.427974,9.427974,9.427974
14.785526,9.427974,9.427974,9.427974
14.663191,9.427974,9.427974,9.427974
14.663191,9.427974,9.427974,9.427974
14.529512,9.427974,9.427974,9.427974
14.285955,9.427974,9.427974,9.427974
14.713377,9.427974,9.427974,9.427974
10.164940,9.427974,9.427974,9.427974
12.972295,9.427974,9.427974,9.427974
12.887406,9.427974,9.427974,9.427974
13.128414,9.427974,9.427974,9.427974
14.285955,9.427974,9.427974,9.427974
14.109798,9.427974,9.427974,9.427974
14.808796,9.427974,9.427974,9.427974
14.941044,9.427974,9.427974,9.427974
13.457722,9.427974,9.427974,9.427974
13.397601,9.427974,9.427974,9.427974
13.624372,9.427974,9.427974,9.427974
12.887406,9.427974,9.427974,9.427974
12.797208,9.427974,9.427974,9.427974
13.865380,9.427974,9.427974,9.427974
13.820292,9.427974,9.427974,9.427974
13.570932,9.427974,9.427974,9.427974
14.382171,9.427974,9.427974,9.427974
14.412867,9.427974,9.427974,9.427974
12.235329,9.427974,9.427974,9.427974
12.972295,9.427974,9.427974,9.427974
12.366574,9.427974,9.427974,9.427974
12.366574,9.427974,9.427974,9.427974
11.543452,9.427974,9.427974,9.427974
13.269277,9.427974,9.427974,9.427974
10.164940,9.427974,9.427974,9.427974
12.700993,9.427974,9.427974,9.427974
11.930475,9.427974,9.427974,9.427974
13.865380,9.427974,9.427974,9.427974
13.909101,9.427974,9.427974,9.427974
13.269277,9.427974,9.427974,9.427974
13.269277,9.427974,9.427974,9.427974
13.820292,9.427974,9.427974,9.427974
13.269277,9.427974,9.427974,9.427974
13.457722,9.427974,9.427974,9.427974
12.700993,9.427974,9.427974,9.427974
12.486868,9.427974,9.427974,9.427974
12.090939,9.427974,9.427974,9.427974
11.749902,9.427974,9.427974,9.427974
13.397601,9.427974,9.427974,9.427974
13.269277,9.427974,9.427974,9.427974
13.951536,9.427974,9.427974,9.427974
13.269277,9.427974,9.427974,9.427974
13.820292,9.427974,9.427974,9.427974
12.887406,9.427974,9.427974,9.427974
13.820292,9.427974,9.427974,9.427974
13.397601,9.427974,9.427974,9.427974
11.543452,9.427974,9.427974,9.427974
12.797208,9.427974,9.427974,9.427974
11.749902,9.427974,9.427974,9.427974
12.972295,9.427974,9.427974,9.427974
12.090939,9.427974,9.427974,9.427974
13.269277,9.427974,9.427974,9.427974
12.887406,9.427974,9.427974,9.427974
13.865380,9.427974,9.427974,9.427974
11.012937,9.427974,9.427974,9.427974
14.611196,9.427974,9.427974,9.427974
12.090939,9.427974,9.427974,9.427974
12.090939,9.427974,9.427974,9.427974
11.749902,9.427974,9.427974,9.427974
13.397601,9.427974,9.427974,9.427974
14.350807,9.427974,9.427974,9.427974
11.302443,9.427974,9.427974,9.427974
14.382171,9.427974,9.427974,9.427974
13.992759,9.427974,9.427974,9.427974
11.012937,9.427974,9.427974,9.427974
12.597899,9.427974,9.427974,9.427974
11.012937,9.427974,9.427974,9.427974
11.543452,9.427974,9.427974,9.427974
13.269277,9.427974,9.427974,9.427974
13.200564,9.427974,9.427974,9.427974
11.543452,9.427974,9.427974,9.427974
10.650367,9.427974,9.427974,9.427974
11.930475,9.427974,9.427974,9.427974
12.700993,9.427974,9.427974,9.427974
11.930475,9.427974,9.427974,9.427974
10.650367,9.427974,9.427974,9.427974
12.887406,9.427974,9.427974,9.427974
13.269277,9.427974,9.427974,9.427974
12.797208,9.427974,9.427974,9.427974
12.235329,9.427974,9.427974,9.427974
11.302443,9.427974,9.427974,9.427974
11.302443,9.427974,9.427974,9.427974
11.543452,9.427974,9.427974,9.427974
12.797208,9.427974,9.427974,9.427974
11.012937,9.427974,9.427974,9.427974
13.946700,10.160104,9.423138,9.423138
14.146793,9.427974,9.427974,9.427974
10.164940,9.427974,9.427974,9.427974
13.334865,9.427974,9.427974,9.427974
25.211160,4.091822,0.000000,4.091822
25.308067,4.091822,0.000000,4.091822
25.267851,4.091822,0.000000,4.091822
25.309179,4.091822,0.000000,4.091822
25.361147,4.091822,0.000000,4.091822
25.462576,4.091822,0.000000,4.091822
25.541278,4.091822,0.000000,4.091822
25.445995,4.091822,0.000000,4.091822
19.938510,4.113630,0.000000,1.054736
23.033646,4.091822,0.000000,4.091822
19.169920,4.110646,0.000000,4.110646
18.950194,4.110646,0.000000,4.110646
19.068610,4.110646,0.000000,4.110646
19.489607,4.110646,0.000000,4.110646
18.928646,4.110646,0.000000,4.110646
19.146490,4.110646,0.000000,4.110646
19.071900,4.110646,0.000000,4.110646
19.644615,4.110646,0.000000,4.110646
19.164869,4.110646,0.000000,4.110646
18.790181,4.110646,0.000000,4.110646
19.101060,4.110646,0.000000,4.110646
20.484089,4.091822,0.000000,4.091822
19.511559,4.110646,0.000000,4.110646
18.699927,4.110646,0.000000,4.110646
19.261359,4.110646,0.000000,4.110646
19.070814,4.110646,0.000000,4.110646
19.098813,4.110646,0.000000,4.110646
18.852798,4.110646,0.000000,4.110646
19.124071,4.110646,0.000000,4.110646
19.105751,4.110646,0.000000,4.110646
19.013790,4.110646,0.000000,4.110646
19.184467,4.110646,0.000000,4.110646
18.945134,4.110646,0.000000,4.110646
18.907480,4.110646,0.000000,4.110646
18.922673,4.110646,0.000000,4.110646
18.842725,4.110646,0.000000,4.110646
21.201078,4.091822,0.000000,4.091822
19.165378,4.110646,0.000000,4.110646
18.660411,4.110646,0.000000,4.110646
21.299564,4.091822,0.000000,4.091822
19.192698,4.110646,0.000000,4.110646
19.251409,4.110646,0.000000,4.110646
19.485448,4.110646,0.000000,4.110646
11.907227,4.110646,0.000000,4.110646
19.944506,4.091822,0.000000,4.091822
19.058420,4.110646,0.000000,4.110646
18.920565,4.110646,0.000000,4.110646
19.306851,4.110646,0.000000,4.110646
19.136290,4.110646,0.000000,4.110646
19.354353,4.110646,0.000000,4.110646
19.004311,4.110646,0.000000,4.110646
19.372019,4.110646,0.000000,4.110646
19.309590,4.110646,0.000000,4.110646
19.413416,4.110646,0.000000,4.110646
19.066886,4.110646,0.000000,4.110646
19.411368,4.110646,0.000000,4.110646
19.119760,4.110646,0.000000,4.110646
18.006127,4.110646,0.000000,4.110646
19.243373,4.110646,0.000000,4.110646
19.119527,4.110646,0.000000,4.110646
18.036479,4.110646,0.000000,4.110646
19.616365,4.110646,0.000000,4.110646
19.499101,4.110646,0.000000,4.110646
19.369666,4.110646,0.000000,4.110646
19.218122,4.110646,0.000000,4.110646
19.149408,4.110646,0.000000,4.110646
19.132537,4.110646,0.000000,4.110646
18.276835,4.110646,0.000000,4.110646
19.305057,4.110646,0.000000,4.110646
19.405614,4.110646,0.000000,4.110646
19.109986,4.110646,0.000000,4.110646
19.128803,4.110646,0.000000,4.110646
17.999928,4.110646,0.000000,4.110646
19.023676,4.110646,0.000000,4.110646
19.179886,4.110646,0.000000,4.110646
18.781653,4.110646,0.000000,4.110646
19.073798,4.110646,0.000000,4.110646
19.128455,4.110646,0.000000,4.110646
18.884798,4.110646,0.000000,4.110646
19.051311,4.110646,0.000000,4.110646
19.067884,4.110646,0.000000,4.110646
14.549784,4.110646,0.000000,4.110646
18.612836,4.110646,0.000000,4.110646
19.029432,4.110646,0.000000,4.110646
19.089491,4.110646,0.000000,4.110646
18.768913,5.695609,0.000000,4.110646
19.018648,4.110646,0.000000,4.110646
18.973267,4.110646,0.000000,4.110646
19.280923,4.110646,0.000000,4.110646
19.100262,4.110646,0.000000,4.110646
19.191894,4.110646,0.000000,4.110646
18.752491,4.110646,0.000000,4.110646
19.068670,4.110646,0.000000,4.110646
15.456606,4.110646,0.000000,4.110646
18.925712,4.110646,0.000000,4.110646
16.123620,4.110646,0.000000,4.110646
18.977683,4.110646,0.000000,4.110646
18.918890,4.110646,0.000000,4.110646
16.672650,4.110646,0.000000,4.110646
18.606022,4.110646,0.000000,4.110646
19.208390,4.110646,0.000000,4.110646
18.941310,4.110646,0.000000,4.110646
19.286365,4.110646,0.000000,4.110646
18.803134,4.110646,0.000000,4.110646
18.983658,4.110646,0.000000,4.110646
18.927513,4.110646,0.000000,4.110646
16.430224,4.110646,0.000000,4.110646
17.654282,4.110646,0.000000,4.110646
19.131091,4.110646,0.000000,4.110646
19.046532,4.110646,0.000000,4.110646
19.196132,4.110646,0.000000,4.110646
19.058176,4.110646,0.000000,4.110646
18.136680,4.110646,0.000000,4.110646
19.439052,4.110646,0.000000,4.110646
19.004564,4.110646,0.000000,4.110646
18.979935,4.110646,0.000000,4.110646
17.679433,4.110646,0.000000,4.110646
18.983401,4.110646,0.000000,4.110646
19.064100,4.110646,0.000000,4.110646
19.050455,4.110646,0.000000,4.110646
18.999595,4.110646,0.000000,4.110646
19.291759,4.110646,0.000000,4.110646
19.311404,4.110646,0.000000,4.110646
19.046103,4.110646,0.000000,4.110646
18.939758,4.110646,0.000000,4.110646
19.204077,4.110646,0.000000,4.110646
19.063190,4.110646,0.000000,4.110646
17.532755,4.110646,0.000000,4.110646
19.216023,4.110646,0.000000,4.110646
18.951506,4.110646,0.000000,4.110646
19.050455,4.110646,0.000000,4.110646
19.457125,4.110646,0.000000,4.110646
19.430988,4.110646,0.000000,4.110646
16.958030,4.110646,0.000000,4.110646
18.970326,4.110646,0.000000,4.110646
19.144886,4.110646,0.000000,4.110646
19.420158,4.110646,0.000000,4.110646
18.777998,5.695609,0.000000,4.110646
19.313140,4.110646,0.000000,4.110646
18.192102,4.110646,0.000000,4.110646
19.044997,4.110646,0.000000,4.110646
18.879158,4.110646,0.000000,4.110646
16.327493,4.110646,0.000000,4.110646
18.715489,4.110646,0.000000,4.110646
19.446257,4.110646,0.000000,4.110646
19.023707,4.110646,0.000000,4.110646
18.756248,4.110646,0.000000,4.110646
19.466513,4.110646,0.000000,4.110646
19.120635,4.110646,0.000000,4.110646
18.945463,4.110646,0.000000,4.110646
19.214030,4.110646,0.000000,4.110646
19.056471,4.110646,0.000000,4.110646
19.039242,4.110646,0.000000,4.110646
18.998517,4.110646,0.000000,4.110646
18.416969,4.110646,0.000000,4.110646
18.931506,4.110646,0.000000,4.110646
18.125974,4.110646,0.000000,4.110646
18.801244,4.110646,0.000000,4.110646
18.842266,4.110646,0.000000,4.110646
18.902504,4.110646,0.000000,4.110646
19.109897,4.110646,0.000000,4.110646
18.997851,4.110646,0.000000,4.110646
18.791573,4.110646,0.000000,4.110646
19.075904,4.110646,0.000000,4.110646
19.051403,4.110646,0.000000,4.110646
19.097806,4.110646,0.000000,4.110646
18.680521,4.110646,0.000000,4.110646
19.167749,4.110646,0.000000,4.110646
18.132291,4.110646,0.000000,4.110646
18.600599,4.110646,0.000000,4.110646
18.993050,4.110646,0.000000,4.110646
19.046103,4.110646,0.000000,4.110646
19.135338,4.110646,0.000000,4.110646
18.987722,4.110646,0.000000,4.110646
19.066220,4.110646,0.000000,4.110646
18.928512,4.110646,0.000000,4.110646
16.119191,4.110646,0.000000,4.110646
19.055465,4.110646,0.000000,4.110646
19.021554,4.110646,0.000000,4.110646
18.932669,4.110646,0.000000,4.110646
18.995278,4.110646,0.000000,4.110646
19.015767,4.110646,0.000000,4.110646
18.985067,4.110646,0.000000,4.110646
19.048648,4.110646,0.000000,4.110646
18.411499,4.110646,0.000000,4.110646
19.045028,4.110646,0.000000,4.110646
18.783495,4.110646,0.000000,4.110646
19.149522,4.110646,0.000000,4.110646
18.933466,4.110646,0.000000,4.110646
18.989543,4.110646,0.000000,4.110646
19.154570,4.110646,0.000000,4.110646
19.285013,4.110646,0.000000,4.110646
18.993146,4.110646,0.000000,4.110646
18.763248,4.110646,0.000000,4.110646
14.558074,4.110646,0.000000,4.110646
19.383337,4.110646,0.000000,4.110646
19.174533,4.110646,0.000000,4.110646
17.848069,4.110646,0.000000,4.110646
18.897375,4.110646,0.000000,4.110646
19.028407,4.110646,0.000000,4.110646
19.144141,4.110646,0.000000,4.110646
19.052748,4.110646,0.000000,4.110646
19.055160,4.110646,0.000000,4.110646
18.129107,4.110646,0.000000,4.110646
19.424391,4.110646,0.000000,4.110646
17.860969,4.110646,0.000000,4.110646
15.432011,4.110646,0.000000,4.110646
18.752528,4.110646,0.000000,4.110646
18.748045,4.110646,0.000000,4.110646
19.150779,4.110646,0.000000,4.110646
18.745174,4.110646,0.000000,4.110646
18.277934,4.110646,0.000000,4.110646
18.998009,4.110646,0.000000,4.110646
18.671914,4.110646,0.000000,4.110646
18.748422,4.110646,0.000000,4.110646
16.950965,4.110646,0.000000,4.110646
18.796435,4.110646,0.000000,4.110646
19.220273,4.110646,0.000000,4.110646
17.552337,4.110646,0.000000,4.110646
18.940749,4.110646,0.000000,4.110646
19.305441,4.110646,0.000000,4.110646
19.050210,4.110646,0.000000,4.110646
16.685791,4.110646,0.000000,4.110646
16.433607,4.110646,0.000000,4.110646
18.293532,4.110646,0.000000,4.110646
18.977007,4.110646,0.000000,4.110646
19.021585,4.110646,0.000000,4.110646
18.938601,4.110646,0.000000,4.110646
19.059698,4.110646,0.000000,4.110646
18.594483,4.110646,0.000000,4.110646
19.174392,4.110646,0.000000,4.110646
19.014951,4.110646,0.000000,4.110646
18.992158,4.110646,0.000000,4.110646
18.931174,4.110646,0.000000,4.110646
18.805602,4.110646,0.000000,4.110646
18.179620,4.110646,0.000000,4.110646
16.323244,4.110646,0.000000,4.110646
18.836527,4.110646,0.000000,4.110646
19.057720,4.110646,0.000000,4.110646
18.991393,4.110646,0.000000,4.110646
19.320341,4.110646,0.000000,4.110646
19.135338,4.110646,0.000000,4.110646
19.214958,4.110646,0.000000,4.110646
19.177870,4.110646,0.000000,4.110646
19.378152,4.110646,0.000000,4.110646
19.413797,4.110646,0.000000,4.110646
20.238716,4.091822,0.000000,4.091822
20.245249,4.091822,0.000000,4.091822
20.552006,4.091822,0.000000,4.091822
19.211787,4.110646,0.000000,4.110646
20.169465,4.091822,0.000000,4.091822
20.421204,4.091822,0.000000,4.091822
19.481799,4.110646,0.000000,4.110646
19.454722,4.110646,0.000000,4.110646
19.192670,4.110646,0.000000,4.110646
20.247438,4.091822,0.000000,4.091822
20.236938,4.091822,0.000000,4.091822
20.275115,4.091822,0.000000,4.091822
19.291345,4.110646,0.000000,4.110646
20.301485,4.091822,0.000000,4.091822
20.546791,4.091822,0.000000,4.091822
19.659157,4.110646,0.000000,4.110646
19.132450,4.110646,0.000000,4.110646
20.500500,4.091822,0.000000,4.091822
20.419650,4.091822,0.000000,4.091822
20.302703,4.091822,0.000000,4.091822
18.874256,4.110646,0.000000,4.110646
20.172161,4.091822,0.000000,4.091822
20.240888,4.091822,0.000000,4.091822
20.747404,4.091822,0.000000,4.091822
20.549561,4.091822,0.000000,4.091822
20.417520,4.091822,0.000000,4.091822
19.287456,4.110646,0.000000,4.110646
19.946958,4.091822,0.000000,4.091822
20.504927,4.091822,0.000000,4.091822
20.480081,4.091822,0.000000,4.091822
20.457695,4.091822,0.000000,4.091822
20.641271,4.091822,0.000000,4.091822
19.323104,4.110646,0.000000,4.110646
19.257281,4.110646,0.000000,4.110646
19.663205,4.110646,0.000000,4.110646
20.516366,4.091822,0.000000,4.091822
20.226456,4.091822,0.000000,4.091822
20.516256,4.091822,0.000000,4.091822
20.367189,4.091822,0.000000,4.091822
20.506744,4.091822,0.000000,4.091822
20.699986,4.091822,0.000000,4.091822
20.305755,4.091822,0.000000,4.091822
19.896975,4.110646,0.000000,4.110646
20.138058,4.091822,0.000000,4.091822
19.156989,4.110646,0.000000,4.110646
20.223713,4.091822,0.000000,4.091822
19.438772,4.110646,0.000000,4.110646
20.276949,4.091822,0.000000,4.091822
19.036185,4.110646,0.000000,4.110646
20.447122,4.091822,0.000000,4.091822
20.482366,4.091822,0.000000,4.091822
19.383385,4.110646,0.000000,4.110646
20.715785,4.091822,0.000000,4.091822
20.474148,4.091822,0.000000,4.091822
20.400262,4.091822,0.000000,4.091822
20.736782,4.091822,0.000000,4.091822
19.318664,4.110646,0.000000,4.110646
20.429903,4.091822,0.000000,4.091822
19.273811,4.110646,0.000000,4.110646
20.611044,4.091822,0.000000,4.091822
20.526738,4.091822,0.000000,4.091822
20.309244,4.091822,0.000000,4.091822
20.205951,4.091822,0.000000,4.091822
20.275852,4.091822,0.000000,4.091822
19.279227,4.110646,0.000000,4.110646
20.425799,4.091822,0.000000,4.091822
20.399610,4.091822,0.000000,4.091822
19.151663,4.110646,0.000000,4.110646
20.601293,4.091822,0.000000,4.091822
20.606747,4.091822,0.000000,4.091822
17.516098,4.110646,0.000000,4.110646
20.410289,4.091822,0.000000,4.091822
20.757135,4.091822,0.000000,4.091822
19.440407,4.110646,0.000000,4.110646
20.478162,4.091822,0.000000,4.091822
20.444055,4.091822,0.000000,4.091822
19.451597,4.110646,0.000000,4.110646
20.407001,4.091822,0.000000,4.091822
18.869442,4.110646,0.000000,4.110646
19.445303,4.110646,0.000000,4.110646
20.241100,4.091822,0.000000,4.091822
19.522830,4.110646,0.000000,4.110646
20.824718,4.091822,0.000000,4.091822
19.433126,4.110646,0.000000,4.110646
20.389903,4.091822,0.000000,4.091822
20.823331,4.091822,0.000000,4.091822
20.511393,4.091822,0.000000,4.091822
20.472052,4.091822,0.000000,4.091822
20.527031,4.091822,0.000000,4.091822
20.524794,4.091822,0.000000,4.091822
20.442963,4.091822,0.000000,4.091822
20.241735,4.091822,0.000000,4.091822
19.554485,4.110646,0.000000,4.110646
20.307892,4.091822,0.000000,4.091822
20.650537,4.091822,0.000000,4.091822
19.483250,4.110646,0.000000,4.110646
19.041399,4.110646,0.000000,4.110646
20.589045,4.091822,0.000000,4.091822
20.300050,4.091822,0.000000,4.091822
20.468858,4.091822,0.000000,4.091822
20.456704,4.091822,0.000000,4.091822
19.451412,4.110646,0.000000,4.110646
20.295661,4.091822,0.000000,4.091822
19.150950,4.110646,0.000000,4.110646
20.322424,4.091822,0.000000,4.091822
20.249281,4.091822,0.000000,4.091822
20.507822,4.091822,0.000000,4.091822
20.833636,4.091822,0.000000,4.091822
20.380190,4.091822,0.000000,4.091822
19.488320,4.110646,0.000000,4.110646
20.515064,4.091822,0.000000,4.091822
19.325155,4.110646,0.000000,4.110646
20.471105,4.091822,0.000000,4.091822
19.455739,4.110646,0.000000,4.110646
19.151378,4.110646,0.000000,4.110646
20.375749,4.091822,0.000000,4.091822
19.269479,4.110646,0.000000,4.110646
20.551771,4.091822,0.000000,4.091822
20.594307,4.091822,0.000000,4.091822
19.330785,4.110646,0.000000,4.110646
19.348690,4.110646,0.000000,4.110646
19.442438,4.110646,0.000000,4.110646
20.517798,4.091822,0.000000,4.091822
20.431330,4.091822,0.000000,4.091822
20.834320,4.091822,0.000000,4.091822
20.182672,4.091822,0.000000,4.091822
20.287649,4.091822,0.000000,4.091822
20.423970,4.091822,0.000000,4.091822
20.132305,4.091822,0.000000,4.091822
20.696757,4.091822,0.000000,4.091822
20.285623,4.091822,0.000000,4.091822
20.702833,4.091822,0.000000,4.091822
19.286001,4.110646,0.000000,4.110646
20.468835,4.091822,0.000000,4.091822
20.485442,4.091822,0.000000,4.091822
20.055749,4.091822,0.000000,4.091822
20.380910,4.091822,0.000000,4.091822
20.428486,4.091822,0.000000,4.091822
20.272580,4.091822,0.000000,4.091822
20.591995,4.091822,0.000000,4.091822
19.389229,4.110646,0.000000,4.110646
19.320645,4.110646,0.000000,4.110646
20.179692,4.091822,0.000000,4.091822
20.059806,4.091822,0.000000,4.091822
20.408781,4.091822,0.000000,4.091822
19.429860,4.110646,0.000000,4.110646
19.375345,4.110646,0.000000,4.110646
19.137760,4.110646,0.000000,4.110646
20.290478,4.091822,0.000000,4.091822
20.523369,4.091822,0.000000,4.091822
20.536842,4.091822,0.000000,4.091822
20.205056,4.091822,0.000000,4.091822
20.595705,4.091822,0.000000,4.091822
20.292727,4.091822,0.000000,4.091822
20.602066,4.091822,0.000000,4.091822
20.428660,4.091822,0.000000,4.091822
19.370745,4.110646,0.000000,4.110646
19.335665,4.110646,0.000000,4.110646
20.147832,4.091822,0.000000,4.091822
19.189867,4.110646,0.000000,4.110646
19.205452,4.110646,0.000000,4.110646
20.499007,4.091822,0.000000,4.091822
19.252633,4.110646,0.000000,4.110646
20.312194,4.091822,0.000000,4.091822
19.284961,4.110646,0.000000,4.110646
20.720908,4.091822,0.000000,4.091822
19.262178,4.110646,0.000000,4.110646
19.558924,4.110646,0.000000,4.110646
20.423352,4.091822,0.000000,4.091822
19.461804,4.110646,0.000000,4.110646
20.747535,4.091822,0.000000,4.091822
19.950410,4.091822,0.000000,4.091822
20.395894,4.091822,0.000000,4.091822
19.899050,4.110646,0.000000,4.110646
20.455506,4.091822,0.000000,4.091822
20.689754,4.091822,0.000000,4.091822
20.389783,4.091822,0.000000,4.091822
19.289220,4.110646,0.000000,4.110646
20.315315,4.091822,0.000000,4.091822
20.288981,4.091822,0.000000,4.091822
19.345426,4.110646,0.000000,4.110646
20.498155,4.091822,0.000000,4.091822
20.478555,4.091822,0.000000,4.091822
20.301523,4.091822,0.000000,4.091822
19.283399,4.110646,0.000000,4.110646
19.516375,4.110646,0.000000,4.110646
19.479641,4.110646,0.000000,4.110646
20.387729,4.091822,0.000000,4.091822
20.393289,4.091822,0.000000,4.091822
19.437111,4.110646,0.000000,4.110646
20.599911,4.091822,0.000000,4.091822
17.505957,4.110646,0.000000,4.110646
20.614685,4.091822,0.000000,4.091822
20.142401,4.091822,0.000000,4.091822
23.292105,4.091822,0.000000,4.091822
22.976312,4.091822,0.000000,4.091822
23.235527,4.091822,0.000000,4.091822
22.532420,4.091822,0.000000,4.091822
24.012495,4.091822,0.000000,4.091822
23.218936,4.091822,0.000000,4.091822
20.656026,0.788733,0.000000,3.596088
23.919032,4.091822,0.000000,4.091822
23.130731,4.091822,0.000000,4.091822
23.993992,4.091822,0.000000,4.091822
23.036318,4.091822,0.000000,4.091822
23.115769,4.091822,0.000000,4.091822
22.898130,3.110654,0.000000,3.847620
23.614964,4.091822,0.000000,4.091822
23.052828,4.091822,0.000000,4.091822
23.466461,4.091822,0.000000,4.091822
24.413896,4.091822,0.000000,4.091822
24.074414,4.091822,0.000000,4.091822
23.283012,4.091822,0.000000,4.091822
23.102233,4.091822,0.000000,4.091822
21.656244,1.788731,0.000000,3.663200
23.496836,4.091822,0.000000,4.091822
23.678245,4.091822,0.000000,4.091822
23.227250,4.091822,0.000000,4.091822
23.290589,4.091822,0.000000,4.091822
23.927537,4.091822,0.000000,4.091822
22.904034,4.091822,0.000000,4.091822
24.067443,4.091822,0.000000,4.091822
23.054542,3.110654,0.000000,3.847620
23.719966,4.091822,0.000000,4.091822
22.666373,4.091822,0.000000,4.091822
23.857448,4.091822,0.000000,4.091822
23.407040,4.091822,0.000000,4.091822
23.176526,4.091822,0.000000,4.091822
23.756233,4.091822,0.000000,4.091822
22.691966,4.091822,0.000000,4.091822
23.332170,4.091822,0.000000,4.091822
23.772137,4.091822,0.000000,4.091822
23.330026,4.091822,0.000000,4.091822
23.233343,4.091822,0.000000,4.091822
19.938511,-0.402921,0.000000,6.783606
23.282820,4.091822,0.000000,4.091822
22.883635,4.091822,0.000000,4.091822
22.860169,4.091822,0.000000,4.091822
22.817061,4.091822,0.000000,4.091822
23.997244,4.091822,0.000000,4.091822
23.960550,4.091822,0.000000,4.091822
23.241803,4.091822,0.000000,4.091822
22.286587,4.091822,0.000000,4.091822
23.720884,4.091822,0.000000,4.091822
22.513850,4.091822,0.000000,4.091822
23.625273,4.091822,0.000000,4.091822
23.719057,4.091822,0.000000,4.091822
23.297634,4.091822,0.000000,4.091822
23.856824,4.091822,0.000000,4.091822
22.538452,4.091822,0.000000,4.091822
23.494649,4.091822,0.000000,4.091822
23.604480,4.091822,0.000000,4.091822
22.360296,2.525695,0.000000,3.748087
23.795802,4.091822,0.000000,4.091822
