6.366312,19.976067,6.366312,6.366312,6.366312
6.057879,19.976090,8.865234,6.057879,6.057879
6.411557,19.976064,6.411557,6.411557,6.411557
5.774368,19.976109,7.359330,5.774368,5.774368
9.474290,19.975132,9.474290,9.474290,9.474290
5.273256,19.976133,5.273256,5.273256,5.273256
6.569977,19.976049,6.569977,6.569977,6.569977
5.450054,19.976125,7.771982,5.450054,5.450054
5.724999,19.976111,5.724999,5.724999,5.724999
6.960764,19.976005,6.960764,6.960764,6.960764
6.772221,19.976028,6.772221,6.772221,6.772221
17.376200,19.698128,17.376200,17.376200,17.376200
5.588975,19.976118,9.048407,5.588975,5.588975
6.445288,19.976061,6.445288,6.445288,6.445288
5.681565,19.976114,5.681565,5.681565,5.681565
5.525361,19.976122,5.525361,5.525361,5.525361
4.543972,19.976155,4.543972,4.543972,4.543972
5.505527,19.976122,8.312882,5.505527,5.505527
5.885742,19.976102,5.885742,5.885742,5.885742
6.389812,19.976065,7.974774,6.389812,6.389812
5.838553,19.976105,8.160481,5.838553,5.838553
6.090107,19.976089,6.090107,6.090107,6.090107
6.592477,19.976047,6.592477,6.592477,6.592477
4.657080,19.976152,8.563971,4.657080,4.657080
5.160103,19.976137,5.160103,5.160103,5.160103
5.652005,19.976115,5.652005,5.652005,5.652005
6.265807,19.976076,6.265807,6.265807,6.265807
6.997826,19.976000,6.997826,6.997826,8.582788
5.271743,19.976133,5.271743,5.271743,5.271743
6.918526,19.976010,6.918526,6.918526,6.918526
6.079284,19.976090,6.079284,6.079284,6.079284
8.402513,19.975687,8.402513,8.402513,8.402513
6.554380,19.976050,6.554380,6.554380,6.554380
7.166811,19.975976,7.166811,7.166811,7.166811
5.096125,19.976139,5.096125,5.096125,5.096125
6.724403,19.976033,6.724403,6.724403,6.724403
4.865704,19.976147,4.865704,4.865704,4.865704
6.171851,19.976083,6.171851,6.171851,6.171851
6.579309,19.976048,6.579309,6.579309,6.579309
6.086300,19.976089,6.086300,6.086300,6.086300
4.943453,19.976144,4.943453,4.943453,4.943453
6.733007,19.976032,6.733007,6.733007,6.733007
6.334583,19.976070,6.334583,6.334583,6.334583
5.933670,19.976099,5.933670,5.933670,5.933670
6.424234,19.976062,6.424234,6.424234,6.424234
7.774047,19.975865,7.774047,7.774047,7.774047
5.621248,19.976117,5.621248,5.621248,5.621248
6.197285,19.976081,6.197285,6.197285,6.197285
7.008953,19.975999,7.008953,7.008953,7.008953
6.358027,19.976068,6.358027,6.358027,6.358027
6.301770,19.976073,6.301770,6.301770,6.301770
5.813951,19.976106,5.813951,5.813951,5.813951
6.141120,19.976085,6.141120,6.141120,6.141120
6.912110,19.976011,6.912110,6.912110,6.912110
7.398746,19.975939,7.398746,7.398746,7.398746
6.558066,19.976050,6.558066,6.558066,6.558066
5.757319,19.976110,5.757319,5.757319,5.757319
6.188281,19.976082,6.188281,6.188281,6.188281
4.650953,19.976153,4.650953,4.650953,4.650953
4.789919,19.976149,4.789919,4.789919,4.789919
5.478958,19.976124,7.800886,5.478958,5.478958
5.958158,19.976098,5.958158,5.958158,5.958158
6.551753,19.976051,6.551753,6.551753,6.551753
6.906059,19.976012,6.906059,6.906059,6.906059
6.641349,19.976042,6.641349,6.641349,6.641349
4.211573,19.976159,10.898073,4.211573,4.211573
5.808140,19.976107,5.808140,5.808140,5.808140
6.294286,19.976073,6.294286,6.294286,6.294286
5.129228,19.976138,5.129228,5.129228,5.129228
5.982008,19.976096,5.982008,5.982008,5.982008
6.460975,19.976059,6.460975,6.460975,6.460975
5.841919,19.976105,5.841919,5.841919,5.841919
5.393104,19.976128,5.393104,5.393104,5.393104
6.335260,19.976070,6.335260,6.335260,6.335260
5.577709,19.976119,5.577709,5.577709,5.577709
6.128148,19.976086,7.713110,6.128148,6.128148
6.766118,19.976028,6.766118,6.766118,6.766118
5.289905,19.976132,5.289905,5.289905,5.289905
5.000339,19.976143,5.000339,5.000339,5.000339
5.580116,19.976119,5.580116,5.580116,5.580116
6.478829,19.976058,6.478829,6.478829,6.478829
5.955726,19.976098,5.955726,5.955726,5.955726
5.224852,19.976135,5.224852,5.224852,5.224852
4.418964,19.976158,8.506426,4.418964,4.418964
5.239256,19.976134,5.239256,5.239256,5.239256
6.332101,19.976070,7.917064,6.332101,6.332101
4.854088,19.976147,4.854088,4.854088,4.854088
6.588972,19.976047,6.588972,6.588972,6.588972
6.596803,19.976046,6.596803,6.596803,6.596803
6.583328,19.976048,6.583328,6.583328,6.583328
6.120731,19.976087,6.120731,6.120731,6.120731
5.257975,19.976133,5.257975,5.257975,5.257975
5.576641,19.976119,8.383996,5.576641,5.576641
6.557539,19.976050,6.557539,6.557539,6.557539
6.053043,19.976091,6.053043,6.053043,6.053043
4.806184,19.976149,4.806184,4.806184,4.806184
5.613694,19.976117,5.613694,5.613694,5.613694
6.584938,19.976047,6.584938,6.584938,6.584938
6.399226,19.976065,6.399226,6.399226,6.399226
6.600871,19.976046,6.600871,6.600871,6.600871
3.773529,19.976170,7.473969,3.773529,3.773529
6.353902,19.976069,6.353902,6.353902,6.353902
5.588707,19.976119,5.588707,5.588707,5.588707
6.494131,19.976056,6.494131,6.494131,6.494131
6.116649,19.976087,6.116649,6.116649,6.116649
5.400293,19.976127,6.985255,5.400293,5.400293
5.916840,19.976100,5.916840,5.916840,5.916840
6.406564,19.976064,6.406564,6.406564,6.406564
5.731524,19.976111,5.731524,5.731524,5.731524
5.239573,19.976134,5.239573,5.239573,5.239573
4.053465,19.976165,7.753904,4.053465,4.053465
6.425917,19.976062,6.425917,6.425917,6.425917
4.826282,19.976148,4.826282,4.826282,4.826282
5.324350,19.976131,5.324350,5.324350,5.324350
4.809946,19.976148,6.394909,4.809946,4.809946
5.425079,19.976126,5.425079,5.425079,5.425079
4.816157,19.976147,9.571045,4.816157,4.816157
6.714086,19.976034,6.714086,6.714086,6.714086
6.895695,19.976013,6.895695,6.895695,6.895695
5.404908,19.976127,5.404908,5.404908,5.404908
4.863341,19.976147,4.863341,4.863341,4.863341
13.247415,19.961660,13.247415,13.247415,13.247415
5.077869,19.976140,5.077869,5.077869,5.077869
5.878317,19.976103,5.878317,5.878317,5.878317
5.529619,19.976121,8.336974,5.529619,5.529619
4.160505,19.976163,7.330430,4.160505,4.160505
5.772378,19.976109,5.772378,5.772378,5.772378
6.700347,19.976035,6.700347,6.700347,6.700347
4.552738,19.976150,11.210950,4.552738,4.552738
5.879799,19.976103,5.879799,5.879799,5.879799
6.548869,19.976051,6.548869,6.548869,6.548869
8.140904,19.975770,8.140904,8.140904,8.140904
8.422531,19.975680,8.422531,8.422531,8.422531
7.912100,19.975832,7.912100,7.912100,7.912100
8.115855,19.975778,8.115855,8.115855,8.115855
8.177693,19.975760,8.177693,8.177693,8.177693
7.003199,19.975999,7.003199,7.003199,7.003199
11.997352,19.968896,11.997352,11.997352,14.319280
7.986773,19.975813,7.986773,7.986773,7.986773
7.887381,19.975838,7.887381,7.887381,7.887381
8.032920,19.975801,8.032920,8.032920,8.032920
7.767937,19.975866,7.767937,7.767937,7.767937
8.381836,19.975694,8.381836,8.381836,8.381836
6.911433,19.976007,10.081358,6.911433,6.911433
7.801245,19.975858,7.801245,7.801245,7.801245
7.356873,19.975946,7.356873,7.356873,7.356873
7.217954,19.975969,7.217954,7.217954,7.217954
7.949645,19.975823,7.949645,7.949645,7.949645
8.228810,19.975744,8.228810,8.228810,8.228810
7.662156,19.975889,7.662156,7.662156,7.662156
7.106584,19.975985,7.106584,7.106584,7.106584
8.007457,19.975764,11.707897,8.007457,8.007457
7.855931,19.975845,7.855931,7.855931,9.440893
8.215444,19.975748,8.215444,8.215444,8.215444
7.411549,19.975937,7.411549,7.411549,7.411549
7.718784,19.975877,7.718784,7.718784,7.718784
7.320198,19.975953,7.320198,7.320198,7.320198
6.763988,19.976029,6.763988,6.763988,6.763988
8.334110,19.975710,8.334110,8.334110,8.334110
7.722915,19.975876,7.722915,7.722915,7.722915
7.042857,19.975994,7.042857,7.042857,7.042857
7.718784,19.975877,7.718784,7.718784,7.718784
7.952414,19.975822,7.952414,7.952414,7.952414
7.332770,19.975950,8.917733,7.332770,7.332770
8.149617,19.975768,8.149617,8.149617,8.149617
7.779455,19.975750,12.423312,7.779455,9.364418
8.111206,19.975779,8.111206,8.111206,8.111206
7.122478,19.975983,7.122478,7.122478,7.122478
8.216276,19.975748,8.216276,8.216276,8.216276
7.633542,19.975895,7.633542,7.633542,7.633542
8.004624,19.975808,8.004624,8.004624,8.004624
7.210062,19.975970,7.210062,7.210062,7.210062
5.810179,19.976107,5.810179,5.810179,5.810179
7.233446,19.975966,7.233446,7.233446,7.233446
6.743160,19.976031,6.743160,6.743160,6.743160
7.625786,19.975896,7.625786,7.625786,7.625786
6.421114,19.976063,6.421114,6.421114,6.421114
6.081935,19.976089,6.081935,6.081935,6.081935
6.987849,19.976001,6.987849,6.987849,6.987849
5.233351,19.976134,5.233351,5.233351,5.233351
6.296043,19.976073,6.296043,6.296043,6.296043
6.232477,18.551948,1.751350,-1.418575,0.903353
2.950522,19.976189,7.657114,-0.219403,5.970421
7.412502,19.975937,7.412502,7.412502,7.412502
3.429285,19.976188,2.581289,0.259360,3.429285
4.148286,19.976188,5.805399,0.447847,3.255201
6.183344,19.976189,2.606419,-1.300472,0.284491
3.883134,19.976159,12.126308,3.883134,7.583573
5.896262,19.976188,5.396691,0.538710,5.182566
3.457536,19.976174,3.457536,3.457536,3.457536
6.135889,19.445596,5.011344,-0.919393,2.250532
3.903829,19.976188,3.373314,0.203389,3.010744
4.645866,19.976188,4.198407,0.738975,3.060903
2.029341,19.976189,8.849520,3.166844,7.831534
3.199936,19.976176,5.521864,3.199936,3.199936
10.917975,19.976187,1.565563,-0.019399,-0.019399
4.709442,19.976189,2.872940,0.065585,2.387513
4.353267,19.976188,5.938229,0.652827,6.802574
3.123562,19.976177,3.123562,3.123562,4.708525
5.596266,19.976118,5.596266,5.596266,5.596266
5.554844,19.976188,1.713542,0.128579,4.216042
1.741254,19.976188,4.679854,0.156292,2.478220
5.409820,19.976189,1.637230,0.052268,1.637230
6.179412,18.143963,2.613558,-1.634369,0.687559
2.369061,19.976182,9.626449,2.369061,8.041486
3.761033,19.976168,9.783401,3.761033,9.869557
5.531607,19.976188,10.025505,1.561981,8.602727
4.944055,19.976172,10.301607,3.359092,10.435908
3.435879,19.976174,7.136319,3.435879,6.243234
11.773299,19.976189,2.010751,-0.311177,2.496177
6.185516,12.812124,2.630482,-5.799971,-1.156114
3.074238,19.976178,4.659201,3.074238,3.074238
1.857124,19.976188,3.442086,0.272161,2.594090
3.090081,19.976186,4.675043,1.505118,3.827046
5.019900,19.976188,4.087014,0.627583,5.581779
9.398163,18.474754,2.573349,-0.886083,0.698880
6.153669,14.475779,4.456039,-4.308833,1.573810
2.619733,19.976189,10.229176,-0.187622,8.165525
6.173309,19.150955,3.003384,0.196029,1.780992
5.942472,18.187186,4.251576,-0.877707,2.292218
5.972298,19.976186,8.667904,1.448736,7.677554
3.042563,19.976189,6.212488,-0.127362,3.573078
3.674621,19.976171,5.259584,3.674621,3.674621
4.345628,19.976188,3.958605,0.258166,3.065521
8.958213,19.976188,0.072517,0.072517,2.879872
5.018088,19.976142,5.018088,5.018088,5.018088
4.951134,19.976144,4.951134,4.951134,4.951134
4.067092,19.976165,4.067092,4.067092,4.067092
5.281285,19.976132,5.281285,5.281285,5.281285
6.707547,19.976138,7.444513,5.122585,6.707547
5.311406,19.976131,5.311406,5.311406,5.311406
5.368394,19.976129,6.953356,5.368394,5.368394
4.835597,19.976148,4.835597,4.835597,4.835597
4.437453,19.976157,8.961015,4.437453,7.607378
6.127365,19.976086,6.127365,6.127365,6.127365
4.894947,19.976139,11.044694,4.894947,7.216875
4.821844,19.976148,4.821844,4.821844,4.821844
4.644851,19.976153,4.644851,4.644851,4.644851
4.953993,19.976144,4.953993,4.953993,4.953993
4.953906,19.976144,4.953906,4.953906,4.953906
4.990345,19.976143,4.990345,4.990345,4.990345
5.425560,19.976126,5.425560,5.425560,5.425560
5.043972,19.976141,5.043972,5.043972,5.043972
5.121806,19.976138,5.121806,5.121806,5.121806
3.948196,19.976167,3.948196,3.948196,3.948196
3.659589,19.976171,3.659589,3.659589,3.659589
4.863097,19.976147,4.863097,4.863097,4.863097
4.160505,19.976164,4.160505,4.160505,4.160505
4.664936,19.976152,4.664936,4.664936,4.664936
3.943282,19.976167,3.943282,3.943282,3.943282
3.935942,19.976167,3.935942,3.935942,3.935942
4.581056,19.976155,4.581056,4.581056,4.581056
3.967935,19.976167,6.775290,3.967935,3.967935
4.516692,19.976156,4.516692,4.516692,6.838621
3.456522,19.976174,3.456522,3.456522,3.456522
4.720790,19.976151,4.720790,4.720790,4.720790
4.723892,19.976151,4.723892,4.723892,8.183323
3.503403,19.976173,3.503403,3.503403,3.503403
3.816278,19.976169,3.816278,3.816278,3.816278
3.421930,19.976174,3.421930,3.421930,3.421930
4.459134,19.976157,4.459134,4.459134,4.459134
4.459196,19.976157,4.459196,4.459196,4.459196
5.266241,19.976133,5.266241,5.266241,5.266241
3.837197,19.976169,3.837197,3.837197,3.837197
6.941183,19.976154,4.619255,4.619255,4.619255
4.179997,19.976163,7.349922,4.179997,4.179997
4.779662,19.976149,4.779662,4.779662,4.779662
4.363262,19.976160,4.363262,4.363262,4.363262
3.537690,19.976173,5.122652,3.537690,3.537690
4.973372,19.976143,4.973372,4.973372,6.558335
3.361422,19.976175,3.361422,3.361422,3.361422
3.911067,19.976168,3.911067,3.911067,3.911067
7.507041,19.975920,7.507041,7.507041,7.507041
3.452045,19.976174,6.621970,3.452045,3.452045
4.393105,19.976159,4.393105,4.393105,4.393105
4.613148,19.976154,4.613148,4.613148,9.005466
7.317115,19.976174,3.410224,3.410224,3.410224
4.487720,19.976157,4.487720,4.487720,4.487720
4.358262,19.976160,4.358262,4.358262,4.358262
4.352821,19.976160,4.352821,4.352821,4.352821
6.739569,19.976031,6.739569,6.739569,6.739569
3.627668,19.976172,3.627668,3.627668,3.627668
4.002177,19.976166,4.002177,4.002177,6.809532
3.495399,19.976173,3.495399,3.495399,3.495399
5.281611,19.976132,5.281611,5.281611,5.281611
5.611504,19.976117,5.611504,5.611504,5.611504
3.759026,19.976170,3.759026,3.759026,3.759026
4.154265,19.976164,4.154265,4.154265,4.154265
4.561767,19.976155,4.561767,4.561767,4.561767
5.137082,19.976138,5.137082,5.137082,5.137082
3.552646,19.976173,3.552646,3.552646,3.552646
4.361766,19.976160,4.361766,4.361766,4.361766
4.866520,19.976147,4.866520,4.866520,4.866520
3.600674,19.976172,3.600674,3.600674,3.600674
3.500772,19.976173,3.500772,3.500772,3.500772
4.138955,19.976164,4.138955,4.138955,4.138955
4.755128,19.976149,6.340090,4.755128,10.983947
4.208108,19.976163,4.208108,4.208108,4.208108
4.875854,19.976146,4.875854,4.875854,4.875854
4.753770,19.976149,4.753770,4.753770,10.180034
3.222973,19.976176,3.222973,3.222973,3.222973
4.714313,19.976151,4.714313,4.714313,7.521668
4.036931,19.976166,4.036931,4.036931,4.036931
4.921668,19.976145,4.921668,4.921668,4.921668
4.001147,19.976166,5.586109,4.001147,5.586109
4.738380,19.976150,4.738380,4.738380,4.738380
3.879268,19.976168,3.879268,3.879268,3.879268
3.762287,19.976170,3.762287,3.762287,3.762287
3.601557,19.976172,3.601557,3.601557,3.601557
4.474600,19.976157,4.474600,4.474600,8.381490
3.777283,19.976170,3.777283,3.777283,3.777283
4.409956,19.976158,4.409956,4.409956,4.409956
4.538566,19.976156,4.538566,4.538566,4.538566
5.393594,19.976181,4.908167,2.586239,2.586239
4.002014,19.976182,2.417052,2.417052,2.417052
2.643646,19.976181,4.228608,2.643646,4.228608
2.609321,19.976181,6.516212,2.609321,4.194283
8.824512,19.976180,5.804613,4.219650,2.634688
2.657117,19.976181,6.564008,2.657117,2.657117
2.571763,19.976181,5.379118,2.571763,2.571763
2.697940,19.976180,7.983342,2.697940,2.697940
2.395004,19.976182,7.439398,2.395004,2.395004
7.589979,19.976181,6.095215,2.635783,2.635783
2.423370,19.976182,5.230725,2.423370,4.008333
2.531984,19.976182,2.531984,2.531984,2.531984
5.997074,18.227135,3.957546,0.787621,2.372583
2.622405,19.976181,4.207368,2.622405,2.622405
5.120125,19.976183,5.120125,2.312771,4.634699
2.466291,19.976182,4.051253,2.466291,2.466291
2.686225,19.976180,8.043777,2.686225,5.856150
2.514230,19.976181,8.818011,2.514230,6.906548
4.193157,19.976181,4.930123,2.608195,4.193157
2.525252,19.976182,6.612715,2.525252,2.525252
5.342740,19.976181,6.442276,2.535385,4.120348
15.165602,19.920489,15.165602,15.165602,15.165602
14.581716,19.939268,14.581716,14.581716,14.581716
15.387456,19.911018,15.387456,15.387456,15.387456
13.582794,19.957833,13.582794,13.582794,13.582794
13.274879,19.961380,13.274879,13.274879,13.274879
12.467898,19.967743,12.467898,14.052860,12.467898
12.653696,19.966579,12.653696,12.653696,12.653696
13.247415,19.961660,13.247415,14.832377,13.247415
13.974775,19.952055,13.974775,13.974775,13.974775
13.653129,19.956910,13.653129,13.653129,13.653129
15.272269,19.916125,15.272269,15.272269,15.272269
12.825805,19.965356,12.825805,12.825805,12.825805
14.725879,19.935333,14.725879,14.725879,14.725879
16.383694,19.843126,16.383694,16.383694,16.383694
16.964905,19.772260,16.964905,16.964905,16.964905
13.845613,19.954137,13.845613,13.845613,13.845613
14.450659,19.942512,14.450659,14.450659,14.450659
15.512644,19.904962,15.512644,15.512644,15.512644
12.998191,19.963975,12.998191,12.998191,12.998191
15.066281,19.924262,15.066281,15.066281,15.066281
14.886064,19.930458,14.886064,14.886064,14.886064
16.964905,19.772260,16.964905,16.964905,16.964905
15.649737,19.897665,15.649737,15.649737,15.649737
15.970536,19.877427,15.970536,15.970536,15.970536
15.970536,19.877427,15.970536,15.970536,15.970536
16.383694,19.843126,16.383694,16.383694,16.383694
17.953707,19.538669,17.953707,17.953707,17.953707
15.272269,19.916125,15.272269,15.272269,15.272269
12.785745,19.965654,12.785745,12.785745,12.785745
16.162376,19.862815,16.162376,16.162376,16.162376
15.970536,19.877427,15.970536,15.970536,15.970536
16.645227,19.815152,16.645227,16.645227,16.645227
16.645227,19.815152,16.645227,16.645227,16.645227
16.964905,19.772260,16.964905,16.964905,16.964905
15.649737,19.897665,15.649737,15.649737,15.649737
17.376200,19.698128,17.376200,17.376200,17.376200
12.532726,19.967354,12.532726,14.117688,12.532726
12.825805,19.965356,12.825805,12.825805,12.825805
12.289250,19.968730,12.289250,12.289250,12.289250
13.689626,19.956413,13.689626,13.689626,13.689626
13.092779,19.963144,13.092779,13.092779,13.092779
12.825805,19.965356,12.825805,12.825805,12.825805
13.887395,19.953484,13.887395,13.887395,13.887395
13.302876,19.961088,13.302876,13.302876,13.302876
13.142505,19.962684,13.142505,13.142505,13.142505
12.846260,19.965201,12.846260,12.846260,12.846260
12.975482,19.964167,12.975482,12.975482,12.975482
12.998191,19.963975,12.998191,12.998191,12.998191
13.021263,19.963778,13.021263,13.021263,13.021263
13.274879,19.961380,13.274879,14.859842,13.274879
12.785745,19.965654,12.785745,12.785745,12.785745
17.953707,19.538669,17.953707,17.953707,17.953707
14.725879,19.935333,14.725879,14.725879,14.725879
14.973360,19.927557,14.973360,14.973360,14.973360
14.450659,19.942512,14.450659,14.450659,14.450659
13.515729,19.958672,13.515729,15.837657,13.515729
13.548872,19.958263,13.548872,13.548872,13.548872
12.867009,19.965041,12.867009,14.451972,12.867009
12.727666,19.966071,12.727666,14.312629,12.727666
14.330522,19.945232,14.330522,14.330522,14.330522
14.219625,19.947546,14.219625,14.219625,14.219625
14.167218,19.948577,14.167218,14.167218,14.167218
14.886064,19.930458,14.886064,14.886064,14.886064
15.066281,19.924262,15.066281,15.066281,15.066281
13.887395,19.953484,13.887395,13.887395,13.887395
14.020533,19.951270,14.020533,16.342461,14.020533
14.116647,19.949537,14.116647,14.116647,14.116647
13.390284,19.960139,13.390284,15.712212,13.390284
13.331428,19.960784,13.331428,13.331428,13.331428
15.649737,19.897665,15.649737,15.649737,15.649737
14.803750,19.933033,14.803750,14.803750,14.803750
15.387456,19.911018,15.387456,15.387456,15.387456
15.387456,19.911018,15.387456,15.387456,15.387456
16.383694,19.843126,16.383694,16.383694,16.383694
14.330522,19.945232,14.330522,14.330522,14.330522
17.953707,19.538669,17.953707,17.953707,17.953707
15.165602,19.920489,15.165602,15.165602,15.165602
15.970536,19.877427,15.970536,15.970536,15.970536
13.974775,19.952055,13.974775,13.974775,13.974775
13.845613,19.954137,13.845613,13.845613,13.845613
14.514700,19.940965,14.514700,14.514700,14.514700
14.581716,19.939268,14.581716,16.166679,14.581716
13.974775,19.952055,13.974775,15.559737,13.974775
14.581716,19.939268,14.581716,14.581716,14.581716
14.274008,19.946434,14.274008,14.274008,14.274008
14.973360,19.927557,14.973360,17.295289,14.973360
15.387456,19.911018,15.387456,15.387456,15.387456
15.801238,19.888701,15.801238,15.801238,15.801238
16.162376,19.862815,16.162376,16.162376,16.162376
14.389341,19.943929,14.389341,14.389341,14.389341
14.514700,19.940965,14.514700,14.514700,14.514700
13.887395,19.953484,13.887395,13.887395,13.887395
14.514700,19.940965,14.514700,14.514700,14.514700
13.930423,19.952791,13.930423,15.515386,13.930423
14.973360,19.927557,14.973360,14.973360,14.973360
13.727070,19.955889,13.727070,13.727070,13.727070
14.330522,19.945232,14.330522,14.330522,14.330522
16.383694,19.843126,16.383694,16.383694,16.383694
15.066281,19.924262,15.066281,15.066281,15.066281
16.162376,19.862815,16.162376,16.162376,16.162376
14.803750,19.933033,14.803750,14.803750,14.803750
15.801238,19.888701,15.801238,15.801238,15.801238
14.389341,19.943929,14.389341,14.389341,14.389341
14.886064,19.930458,14.886064,14.886064,14.886064
13.930423,19.952791,13.930423,16.252351,13.930423
16.964905,19.772260,16.964905,16.964905,16.964905
13.044710,19.963573,13.044710,14.629673,13.044710
15.801238,19.888701,15.801238,15.801238,15.801238
15.649737,19.897665,15.649737,15.649737,15.649737
16.162376,19.862815,16.162376,16.162376,16.162376
14.450659,19.942512,14.450659,14.450659,14.450659
13.451643,19.959438,13.451643,15.773571,13.451643
16.383694,19.843126,16.383694,16.383694,16.383694
13.390284,19.960139,13.390284,14.975246,13.390284
13.845613,19.954137,13.845613,13.845613,13.845613
16.964905,19.772260,16.964905,16.964905,16.964905
15.165602,19.920489,15.165602,15.165602,15.165602
16.964905,19.772260,16.964905,16.964905,16.964905
16.383694,19.843126,16.383694,16.383694,16.383694
14.581716,19.939268,14.581716,16.166679,14.581716
14.514700,19.940965,14.514700,14.514700,14.514700
16.383694,19.843126,16.383694,16.383694,16.383694
17.376200,19.698128,17.376200,17.376200,17.376200
15.970536,19.877427,15.970536,15.970536,15.970536
15.165602,19.920489,15.165602,15.165602,15.165602
15.970536,19.877427,15.970536,15.970536,15.970536
17.376200,19.698128,17.376200,17.376200,17.376200
14.973360,19.927557,14.973360,14.973360,14.973360
14.581716,19.939268,14.581716,14.581716,14.581716
15.066281,19.924262,15.066281,15.066281,15.066281
15.649737,19.897665,15.649737,15.649737,15.649737
16.645227,19.815152,16.645227,16.645227,16.645227
16.645227,19.815152,16.645227,16.645227,16.645227
16.383694,19.843126,16.383694,16.383694,16.383694
14.973360,19.927557,14.973360,14.973360,14.973360
16.964905,19.772260,16.964905,16.964905,16.964905
13.805007,19.954754,13.805007,16.126935,13.805007
13.617533,19.957383,13.617533,13.617533,13.617533
17.953707,19.538669,17.953707,17.953707,17.953707
14.514700,19.940965,14.514700,14.514700,14.514700
-2.816098,19.931225,1.827758,-2.816098,1.431830
-2.912103,19.931225,6.447647,-2.912103,1.945878
-2.870324,19.931225,6.915946,-2.870324,4.227709
-2.932209,19.931225,5.891158,-2.932209,-1.347247
-2.930854,19.931225,4.982035,-2.930854,0.239071
-3.032430,19.931225,4.915938,-3.032430,0.137495
-3.123647,19.931225,3.842137,-3.123647,-1.538684
-3.090757,19.931225,5.988727,-3.090757,-0.283402
-0.650611,19.931225,-0.650611,3.872951,-0.650611
-0.685518,19.931224,2.121837,-0.685518,0.899445
3.267695,19.931211,3.267695,3.267695,3.267695
3.436838,19.931209,3.436838,3.436838,3.436838
3.378226,19.931210,5.700154,3.378226,3.378226
2.945005,19.931214,2.945005,2.945005,2.945005
3.510245,19.931209,3.510245,3.510245,3.510245
3.278016,19.931211,3.278016,3.278016,3.278016
3.360836,19.931210,3.360836,3.360836,5.682764
2.779673,19.931215,2.779673,2.779673,2.779673
3.275806,19.931211,3.275806,3.275806,3.275806
3.613636,19.931207,3.613636,3.613636,3.613636
3.344297,19.931210,3.344297,3.344297,3.344297
1.935911,19.931219,1.935911,1.935911,3.520873
2.918099,19.931214,2.918099,2.918099,2.918099
3.724783,19.931206,3.724783,3.724783,3.724783
4.753883,19.931212,3.168921,3.168921,4.753883
4.958335,19.931210,3.373372,3.373372,3.373372
3.337017,19.931210,4.921980,3.337017,3.337017
3.365022,19.931210,3.365022,3.365022,3.365022
4.883789,19.931211,3.298826,3.298826,3.298826
3.327859,19.931211,3.327859,3.327859,3.327859
3.408153,19.931210,3.408153,3.408153,3.408153
3.228944,19.931211,4.813907,3.228944,4.813907
5.802973,19.931209,3.481045,3.481045,3.481045
5.112576,19.931208,3.527614,3.527614,3.527614
3.515219,19.931209,3.515219,3.515219,3.515219
3.581598,19.931208,3.581598,3.581598,3.581598
3.519052,19.931222,2.782087,1.197124,1.197124
3.281492,19.931211,3.281492,3.281492,3.281492
3.768047,19.931205,3.768047,3.768047,3.768047
3.426238,19.931222,1.104310,1.104310,1.104310
3.246696,19.931211,3.246696,3.246696,3.246696
3.165395,19.931212,3.165395,3.165395,3.165395
2.962761,19.931214,2.962761,2.962761,2.962761
10.500773,19.929134,10.500773,10.500773,10.500773
2.464177,19.931217,2.464177,2.464177,2.464177
3.367910,19.931210,3.367910,3.367910,3.367910
3.526749,19.931208,3.526749,3.526749,3.526749
3.142685,19.931212,3.142685,3.142685,3.142685
3.146002,19.931212,3.146002,3.146002,3.146002
3.085955,19.931213,3.085955,3.085955,3.085955
5.010252,19.931209,3.425289,3.425289,3.425289
3.052384,19.931213,3.052384,3.052384,3.052384
3.129794,19.931212,3.129794,3.129794,3.129794
4.590007,19.931213,3.005045,3.005045,3.005045
3.362883,19.931210,3.362883,3.362883,3.362883
3.010221,19.931213,3.010221,3.010221,3.010221
4.890336,19.931211,4.890336,3.305373,3.305373
4.430757,19.931194,4.430757,4.430757,4.430757
3.183111,19.931212,3.183111,3.183111,3.183111
3.326817,19.931211,3.326817,3.326817,3.326817
4.403382,19.931194,4.403382,4.403382,4.403382
2.831055,19.931215,2.831055,2.831055,2.831055
5.267267,19.931214,2.945339,2.945339,2.945339
4.642335,19.931213,3.057372,3.057372,3.057372
3.214513,19.931212,3.214513,3.214513,4.799475
3.294884,19.931211,3.294884,3.294884,3.294884
4.867465,19.931211,3.282502,3.282502,3.282502
4.163351,19.931199,4.163351,4.163351,4.163351
3.126539,19.931212,3.126539,3.126539,3.126539
4.618059,19.931213,3.033096,3.033096,3.033096
3.323288,19.931211,3.323288,3.323288,3.323288
3.318472,19.931211,3.318472,3.318472,3.318472
4.446213,19.931194,4.446213,4.446213,4.446213
3.368714,19.931210,4.953677,3.368714,4.953677
3.231327,19.931211,3.231327,3.231327,5.553255
5.225197,19.931207,3.640234,3.640234,3.640234
3.369997,19.931210,3.369997,3.369997,3.369997
3.296754,19.931211,3.296754,3.296754,3.296754
3.561151,19.931208,3.561151,3.561151,3.561151
3.401733,19.931210,3.401733,3.401733,4.986696
3.375977,19.931210,3.375977,3.375977,3.375977
7.903319,19.930880,7.903319,7.903319,7.903319
3.817849,19.931205,3.817849,3.817849,3.817849
3.425568,19.931209,3.425568,3.425568,3.425568
3.357105,19.931210,3.357105,3.357105,3.357105
3.687159,19.931206,3.687159,6.494513,3.687159
3.435151,19.931209,3.435151,3.435151,3.435151
3.471697,19.931209,3.471697,3.471697,3.471697
3.149763,19.931212,4.734725,3.149763,4.734725
3.354977,19.931210,3.354977,3.354977,3.354977
3.242865,19.931211,3.242865,3.242865,3.242865
3.677045,19.931207,3.677045,3.677045,5.262008
3.332358,19.931210,3.332358,3.332358,3.332358
6.998641,19.931041,6.998641,6.998641,6.998641
3.455365,19.931209,3.455365,3.455365,3.455365
6.280622,19.931113,6.280622,6.280622,6.280622
3.467637,19.931209,3.467637,3.467637,3.467637
3.517300,19.931208,3.517300,3.517300,3.517300
5.782272,19.931146,5.782272,5.782272,5.782272
3.824867,19.931205,3.824867,3.824867,3.824867
3.239427,19.931211,4.824389,3.239427,4.824389
3.495132,19.931209,3.495132,3.495132,3.495132
4.729025,19.931212,4.729025,3.144062,4.729025
3.624060,19.931207,3.624060,3.624060,3.624060
3.417343,19.931210,3.417343,3.417343,3.417343
3.439100,19.930625,14.679296,3.439100,14.011801
6.011431,19.931132,6.011431,6.011431,6.011431
4.797521,19.931185,4.797521,4.797521,4.797521
3.284413,19.931211,3.284413,3.284413,3.284413
3.397226,19.931210,3.397226,3.397226,3.397226
3.238501,19.931211,3.238501,3.238501,3.238501
3.329338,19.931210,3.329338,3.329338,3.329338
4.300503,19.931197,4.300503,4.300503,4.300503
3.016233,19.931213,4.601195,3.016233,3.016233
5.007526,19.931210,5.007526,3.422564,3.422564
3.465244,19.931209,3.465244,3.465244,3.465244
4.772142,19.931186,4.772142,4.772142,4.772142
5.021363,19.931209,3.436401,3.436401,3.436401
3.337134,19.931210,3.337134,3.337134,3.337134
4.978666,19.931210,3.393703,3.393703,3.393703
5.039758,19.931209,3.454795,3.454795,3.454795
3.133412,19.931212,3.133412,3.133412,3.133412
3.131336,19.931212,3.131336,3.131336,3.131336
3.365974,19.931210,3.365974,3.365974,3.365974
3.460789,19.931209,3.460789,3.460789,3.460789
3.225215,19.931212,3.225215,3.225215,3.225215
4.950074,19.931210,3.365111,3.365111,3.365111
4.922534,19.931181,4.922534,4.922534,4.922534
3.231544,19.931211,4.816507,3.231544,4.816507
5.072079,19.931209,3.487116,3.487116,3.487116
3.362170,19.931210,3.362170,3.362170,3.362170
2.996521,19.931213,2.996521,2.996521,2.996521
2.979918,19.931214,2.979918,2.979918,2.979918
5.493213,19.931160,5.493213,5.493213,5.493213
3.475063,19.931209,3.475063,3.475063,3.475063
3.287200,19.931211,3.287200,3.287200,3.287200
4.606693,19.931213,3.021730,3.021730,3.021730
3.677488,19.931207,3.677488,6.484843,3.677488
3.140393,19.931212,3.140393,3.140393,3.140393
4.262285,19.931197,4.262285,4.262285,4.262285
3.389886,19.931210,3.389886,3.389886,3.389886
3.567193,19.931208,3.567193,3.567193,3.567193
6.064893,19.931110,6.064893,6.064893,13.204445
3.731859,19.931206,5.316822,3.731859,3.731859
3.008641,19.931213,3.008641,3.008641,3.008641
3.430974,19.931209,3.430974,3.430974,3.430974
3.697980,19.931206,3.697980,3.697980,3.697980
2.987382,19.931214,2.987382,2.987382,2.987382
3.304660,19.931211,3.304660,3.304660,3.304660
3.493180,19.931209,3.493180,3.493180,3.493180
3.235643,19.931211,4.820606,3.235643,3.235643
3.381350,19.931210,3.381350,3.381350,3.381350
3.395828,19.931210,3.395828,3.395828,3.395828
5.040581,19.931209,3.455618,3.455618,3.455618
4.035176,19.931201,4.035176,4.035176,4.035176
3.504731,19.931209,3.504731,3.504731,3.504731
4.309059,19.931196,4.309059,4.309059,4.309059
3.648462,19.931207,3.648462,3.648462,10.124195
3.598000,19.931208,3.598000,3.598000,3.598000
3.547453,19.931208,3.547453,3.547453,3.547453
4.930550,19.931210,3.345588,3.345588,3.345588
3.429543,19.931209,3.429543,3.429543,3.429543
3.660090,19.931207,3.660090,3.660090,3.660090
3.378166,19.931210,3.378166,3.378166,3.378166
3.386291,19.931210,3.386291,3.386291,3.386291
3.348818,19.931210,3.348818,3.348818,3.348818
5.329261,19.931206,3.744298,3.744298,3.744298
3.279613,19.931211,3.279613,3.279613,4.864575
5.887400,19.931197,4.302438,4.302438,4.302438
3.820864,19.931205,3.820864,3.820864,3.820864
3.462124,19.931209,3.462124,3.462124,3.462124
3.406561,19.931210,3.406561,3.406561,4.991523
3.279697,19.931211,3.279697,3.279697,3.279697
3.439904,19.931209,3.439904,3.439904,3.439904
3.388435,19.931210,3.388435,3.388435,3.388435
3.470801,19.931209,3.470801,3.470801,3.470801
6.273014,19.931113,6.273014,6.273014,6.273014
4.985111,19.931210,3.400148,3.400148,3.400148
5.016373,19.931209,3.431410,3.431410,3.431410
3.448953,19.931209,3.448953,3.448953,3.448953
3.432376,19.931209,3.432376,3.432376,3.432376
3.437495,19.931209,3.437495,3.437495,3.437495
3.469841,19.931209,3.469841,3.469841,3.469841
3.406102,19.931210,3.406102,3.406102,3.406102
4.040581,19.931201,4.040581,4.040581,4.040581
3.403901,19.931210,3.403901,3.403901,3.403901
3.667626,19.931207,3.667626,3.667626,3.667626
3.281436,19.931211,3.281436,3.281436,3.281436
3.503028,19.931209,3.503028,3.503028,3.503028
3.411404,19.931210,3.411404,3.411404,3.411404
3.276561,19.931211,4.861524,3.276561,3.276561
3.140520,19.931212,4.725483,3.140520,3.140520
3.434028,19.931209,3.434028,3.434028,3.434028
3.683817,19.931206,3.683817,3.683817,3.683817
7.888882,19.930883,7.888882,7.888882,7.888882
3.045171,19.931213,5.852526,3.045171,3.045171
3.272288,19.931211,3.272288,3.272288,4.857251
4.605006,19.931190,6.189969,4.605006,4.605006
3.553167,19.931208,3.553167,3.553167,3.553167
3.359857,19.931210,4.944820,3.359857,4.944820
3.311607,19.931211,3.311607,3.311607,3.311607
3.333522,19.931210,3.333522,3.333522,3.333522
3.352292,19.931210,3.352292,3.352292,3.352292
4.308716,19.931196,4.308716,4.308716,4.308716
2.986490,19.931214,4.571453,2.986490,2.986490
4.591305,19.931190,4.591305,4.591305,4.591305
6.988344,19.931042,6.988344,6.988344,8.573306
3.694800,19.931206,3.694800,3.694800,3.694800
5.266778,19.931206,3.681815,3.681815,3.681815
3.281632,19.931211,3.281632,3.281632,3.281632
3.701843,19.931206,5.286805,3.701843,3.701843
4.158034,19.931199,4.158034,4.158034,4.158034
3.428580,19.931209,5.013542,3.428580,3.428580
3.752638,19.931206,3.752638,3.752638,3.752638
3.705114,19.931206,3.705114,3.705114,3.705114
5.501165,19.931160,5.501165,5.501165,5.501165
3.630158,19.931207,3.630158,3.630158,3.630158
4.815016,19.931211,4.815016,3.230054,3.230054
4.903146,19.931182,4.903146,4.903146,4.903146
5.011661,19.930633,14.677589,3.426698,13.993704
3.137342,19.931212,3.137342,3.137342,3.137342
3.398169,19.931210,3.398169,3.398169,3.398169
5.769778,19.931146,5.769778,5.769778,5.769778
6.020957,19.931131,6.020957,6.020957,6.020957
4.142303,19.931200,4.142303,4.142303,4.142303
3.443165,19.931209,3.443165,3.443165,3.443165
3.366540,19.931210,3.366540,3.366540,4.951502
3.515714,19.931208,3.515714,3.515714,3.515714
3.347848,19.931210,3.347848,3.347848,3.347848
3.826954,19.931205,3.826954,3.826954,3.826954
3.248340,19.931211,5.570268,3.248340,3.248340
3.439090,19.931209,3.439090,3.439090,3.439090
3.461869,19.931209,3.461869,3.461869,3.461869
3.524057,19.931208,3.524057,3.524057,3.524057
3.644126,19.931207,3.644126,3.644126,10.087069
4.275024,19.931197,4.275024,4.275024,4.275024
6.072254,19.931109,6.072254,6.072254,13.191195
3.603918,19.931207,3.603918,3.603918,3.603918
3.371161,19.931210,3.371161,3.371161,3.371161
3.460630,19.931209,3.460630,3.460630,3.460630
3.133462,19.931212,3.133462,3.133462,3.133462
3.320287,19.931211,3.320287,3.320287,3.320287
3.214325,19.931212,3.214325,3.214325,3.214325
3.245244,19.931211,5.567172,3.245244,3.245244
4.635169,19.931213,5.857562,3.050207,3.050207
3.028497,19.931213,3.028497,3.028497,3.028497
2.197958,19.931218,2.197958,2.197958,2.197958
2.137088,19.931219,2.137088,2.137088,2.137088
3.448228,19.931220,1.863266,1.863266,1.863266
3.230839,19.931211,3.230839,3.230839,3.230839
2.255103,19.931218,4.577031,2.255103,2.255103
4.327321,19.931219,2.005392,2.005392,2.005392
2.954795,19.931214,2.954795,2.954795,2.954795
4.565723,19.931214,4.565723,2.980760,2.980760
3.251992,19.931211,3.251992,3.251992,3.251992
2.184042,19.931218,2.184042,2.184042,2.184042
3.765441,19.931218,5.880918,2.180479,3.765441
2.154021,19.931219,2.154021,2.154021,2.154021
3.142430,19.931212,5.949785,3.142430,4.727393
2.134742,19.931219,2.134742,2.134742,2.134742
1.867019,19.931220,1.867019,1.867019,1.867019
2.794172,19.931213,9.736686,2.794172,2.794172
3.296698,19.931211,3.296698,3.296698,3.296698
1.932084,19.931219,1.932084,1.932084,1.932084
2.009105,19.931219,6.763993,2.009105,2.009105
3.718551,19.931219,4.455517,2.133589,2.133589
3.574945,19.931208,5.159907,3.574945,5.159907
2.252542,19.931218,4.574470,2.252542,2.252542
2.185774,19.931218,4.993129,2.185774,2.185774
1.673193,19.931220,1.673193,1.673193,1.673193
1.885572,19.931220,1.885572,1.885572,1.885572
2.008803,19.931219,2.008803,2.008803,2.008803
3.141207,19.931212,3.141207,3.141207,3.141207
2.473588,19.931217,2.473588,2.473588,2.473588
3.513164,19.931220,1.928201,1.928201,1.928201
1.924406,19.931220,1.924406,1.924406,1.924406
3.545497,19.931219,3.545497,1.960535,7.575245
1.792693,19.931220,1.792693,1.792693,1.792693
3.122990,19.931212,3.122990,3.122990,3.122990
3.182980,19.931212,6.883419,3.182980,3.182980
2.790453,19.931213,9.732968,2.790453,2.790453
1.862037,19.931220,3.447000,1.862037,1.862037
2.199376,19.931218,4.521304,2.199376,2.199376
1.914417,19.931220,1.914417,1.914417,1.914417
2.059212,19.931219,3.644174,2.059212,2.059212
1.926741,19.931220,1.926741,1.926741,1.926741
1.711773,19.931220,1.711773,1.711773,1.711773
3.690670,19.931219,2.105707,2.105707,3.690670
2.552219,19.931217,2.552219,2.552219,2.552219
2.291291,19.931218,2.291291,2.291291,2.291291
3.280481,19.931210,8.835070,3.280481,6.450406
2.190759,19.931218,5.360684,2.190759,4.512687
3.003540,19.931213,4.588502,3.003540,3.003540
2.155383,19.931219,4.962738,2.155383,2.155383
3.412019,19.931210,3.412019,3.412019,3.412019
4.288124,19.931219,1.966196,1.966196,1.966196
4.251085,19.931219,1.929157,1.929157,1.929157
3.052839,19.931213,5.860194,3.052839,3.052839
1.708364,19.931220,3.293327,1.708364,1.708364
1.960052,19.931219,1.960052,1.960052,1.960052
2.032576,19.931219,2.032576,2.032576,2.032576
1.693651,19.931220,1.693651,1.693651,1.693651
3.126917,19.931212,3.126917,3.126917,3.126917
2.000603,19.931219,2.000603,2.000603,2.000603
3.171831,19.931212,3.171831,3.171831,3.171831
3.395302,19.931220,3.395302,1.810339,1.810339
1.910788,19.931220,1.910788,1.910788,1.910788
2.108032,19.931219,2.108032,2.108032,2.108032
2.229228,19.931218,2.229228,2.229228,2.229228
2.156271,19.931219,4.963626,2.156271,2.156271
3.166483,19.931212,3.166483,3.166483,3.166483
2.003551,19.931219,2.003551,2.003551,2.003551
2.011186,19.931219,2.011186,2.011186,2.011186
3.282699,19.931211,3.282699,3.282699,3.282699
1.829629,19.931220,1.829629,1.829629,1.829629
1.814394,19.931220,3.399356,1.814394,1.814394
4.938287,19.931181,4.938287,4.938287,4.938287
2.020547,19.931219,2.020547,2.020547,2.020547
1.664210,19.931220,1.664210,1.664210,1.664210
2.992495,19.931214,2.992495,2.992495,2.992495
1.926599,19.931220,1.926599,1.926599,1.926599
1.980270,19.931219,1.980270,1.980270,1.980270
2.985324,19.931214,4.570286,2.985324,2.985324
3.594288,19.931219,5.709766,2.009326,2.009326
5.164662,19.931208,3.579699,3.579699,5.164662
2.991669,19.931214,4.576631,2.991669,2.991669
2.195735,19.931218,2.195735,2.195735,2.195735
2.911613,19.931214,2.911613,2.911613,2.911613
1.605788,19.931221,1.605788,1.605788,1.605788
3.008919,19.931213,4.593882,3.008919,3.008919
2.042208,19.931219,2.042208,2.042208,2.042208
1.599722,19.931221,1.599722,1.599722,1.599722
1.866177,19.931220,3.451140,1.866177,1.866177
3.532348,19.931219,1.947385,1.947385,1.947385
1.903600,19.931220,1.903600,1.903600,1.903600
1.912568,19.931220,1.912568,1.912568,1.912568
1.970058,19.931219,1.970058,1.970058,1.970058
2.139871,19.931219,2.139871,2.139871,2.139871
2.883334,19.931214,2.883334,2.883334,2.883334
2.117857,19.931219,4.439785,2.117857,2.117857
4.106218,19.931221,1.784289,1.784289,1.784289
2.958514,19.931214,4.543477,2.958514,2.958514
3.406102,19.931210,3.406102,3.406102,3.406102
1.825981,19.931220,1.825981,1.825981,1.825981
2.114154,19.931219,6.869041,2.114154,2.114154
3.534932,19.931219,1.949970,1.949970,1.949970
1.968126,19.931219,1.968126,1.968126,1.968126
2.990613,19.931214,2.990613,2.990613,2.990613
2.086237,19.931219,2.086237,2.086237,2.086237
3.278604,19.931211,3.278604,3.278604,3.278604
2.104143,19.931219,4.426071,2.104143,2.104143
2.182678,19.931218,2.182678,2.182678,2.182678
4.248878,19.931220,1.926950,1.926950,1.926950
3.176120,19.931221,1.591158,1.591158,1.591158
3.635791,19.931219,2.050828,2.050828,2.050828
2.953476,19.931214,4.538438,2.953476,2.953476
1.915287,19.931220,1.915287,1.915287,1.915287
3.113792,19.931212,5.921147,3.113792,5.435720
1.965610,19.931219,1.965610,1.965610,1.965610
2.987039,19.931214,2.987039,2.987039,2.987039
3.284328,19.931210,9.012248,3.284328,6.454253
2.054600,19.931219,2.054600,2.054600,2.054600
3.173939,19.931212,4.758902,3.173939,3.173939
3.468297,19.931220,1.883334,1.883334,1.883334
1.835498,19.931220,1.835498,1.835498,1.835498
3.105744,19.931213,3.105744,3.105744,3.105744
3.096408,19.931213,4.681371,3.096408,3.096408
4.581368,19.931213,2.996405,2.996405,2.996405
1.914449,19.931220,1.914449,1.914449,1.914449
3.582508,19.931219,1.997546,1.997546,1.997546
3.181679,19.931221,1.596716,1.596716,1.596716
2.222869,19.931218,3.807831,2.222869,2.222869
2.147357,19.931219,5.606789,2.147357,3.732320
1.933097,19.931219,1.933097,1.933097,3.518060
2.299096,19.931218,2.299096,2.299096,2.299096
1.714754,19.931220,1.714754,1.714754,1.714754
2.130123,19.931219,2.130123,2.130123,2.130123
1.725355,19.931220,1.725355,1.725355,1.725355
3.147280,19.931212,5.469208,3.147280,3.147280
1.967629,19.931219,1.967629,1.967629,1.967629
1.949412,19.931219,1.949412,1.949412,1.949412
2.356809,19.931218,2.356809,2.356809,3.941771
3.631790,19.931219,3.631790,2.046828,2.046828
3.585127,19.931219,3.585127,2.000164,2.000164
2.156335,19.931219,2.156335,2.156335,2.156335
3.408204,19.931220,1.823242,1.823242,1.823242
3.046983,19.931213,5.368911,3.046983,3.046983
3.118847,19.931212,5.926202,3.118847,4.703810
2.225863,19.931218,3.810825,2.225863,2.225863
3.938434,19.931218,2.353472,2.353472,3.938434
2.021461,19.931219,2.021461,2.021461,2.021461
3.000441,19.931213,3.000441,3.000441,3.000441
4.635576,19.931213,3.050613,3.050613,3.050613
3.292054,19.931211,3.292054,3.292054,3.292054
2.143463,19.931219,5.602894,2.143463,3.728425
1.909768,19.931220,1.909768,1.909768,1.909768
1.894107,19.931220,1.894107,1.894107,1.894107
2.229661,19.931218,2.229661,2.229661,2.229661
1.836147,19.931220,1.836147,1.836147,1.836147
2.088703,19.931219,2.088703,2.088703,2.088703
1.832216,19.931220,1.832216,1.832216,1.832216
1.929410,19.931219,1.929410,1.929410,3.514373
3.055380,19.931213,3.055380,3.055380,3.055380
3.100933,19.931213,3.100933,3.100933,3.100933
2.284765,19.931218,2.284765,2.284765,2.284765
3.255213,19.931211,3.255213,3.255213,3.255213
3.236785,19.931211,3.236785,3.236785,3.236785
1.922271,19.931220,1.922271,1.922271,1.922271
3.187364,19.931212,6.887803,3.187364,3.187364
2.106005,19.931219,2.106005,2.106005,2.106005
3.157674,19.931212,6.858113,3.157674,3.157674
4.025904,19.931220,3.288938,1.703976,1.703976
3.180884,19.931212,4.765847,3.180884,3.180884
2.879294,19.931214,2.879294,2.879294,2.879294
2.005589,19.931219,6.863570,2.005589,2.005589
2.973375,19.931214,4.558337,2.973375,2.973375
3.268575,19.931220,1.683613,1.683613,1.683613
2.470785,19.931217,2.470785,2.470785,2.470785
2.014926,19.931219,2.014926,2.014926,2.014926
4.135625,19.931217,2.550662,2.550662,2.550662
1.964292,19.931219,1.964292,1.964292,7.636717
3.322027,19.931220,3.322027,1.737065,1.737065
2.016910,19.931219,2.016910,2.016910,2.016910
4.738573,19.931212,6.854050,3.153610,3.153610
2.100054,19.931219,6.958035,2.100054,2.100054
2.127586,19.931219,2.127586,2.127586,2.127586
3.099423,19.931213,4.684385,3.099423,3.099423
1.923344,19.931220,1.923344,1.923344,1.923344
1.932690,19.931219,1.932690,1.932690,1.932690
2.108567,19.931219,2.108567,2.108567,2.108567
3.144496,19.931212,3.144496,3.144496,3.144496
2.918011,19.931214,2.918011,2.918011,2.918011
2.956788,19.931214,2.956788,2.956788,2.956788
2.018827,19.931219,2.018827,2.018827,2.018827
2.022750,19.931219,4.830105,2.022750,2.022750
2.993989,19.931214,2.993989,2.993989,2.993989
1.830522,19.931220,1.830522,1.830522,1.830522
4.947252,19.931180,4.947252,4.947252,4.947252
3.403300,19.931220,1.818338,1.818338,1.818338
3.871247,19.931218,2.286284,2.286284,2.286284
-0.868796,19.931224,1.453132,-0.868796,-0.868796
1.027363,19.931224,1.027363,-0.557600,1.027363
-0.804063,19.931224,1.517865,-0.804063,-0.804063
1.484422,19.931224,3.069384,-0.100541,-0.100541
-0.001712,19.931225,1.583251,-1.586674,-1.586674
-0.785909,19.931224,3.857947,-0.785909,0.799053
0.053591,19.931224,8.591457,2.716556,5.210096
1.320307,19.931224,1.972384,-1.487048,-1.487048
-0.717101,19.931224,-0.717101,-0.717101,-0.717101
0.749961,19.931225,3.071889,-1.571967,0.749961
2.207932,19.931224,3.307467,-0.599423,-0.599423
-0.685453,19.931224,3.221438,-0.685453,-0.685453
0.877194,19.931224,6.407015,0.140229,-1.444734
-1.189805,19.931224,1.980120,-1.189805,-1.189805
-0.618740,19.931224,3.081700,-0.618740,-0.618740
0.548304,19.931224,2.133267,-1.036658,-1.036658
-0.408227,19.931225,2.530372,-1.993190,-1.993190
-0.055437,19.931225,1.166955,-1.640400,-1.640400
0.726484,19.931224,2.841961,-0.858479,1.463449
1.642907,19.931224,1.642907,-0.679021,-0.679021
0.058920,19.931224,6.809348,1.643882,4.663782
-1.071840,19.931224,5.036685,-1.071840,3.451722
-1.250830,19.931224,0.334133,-1.250830,0.334133
-0.797918,19.931224,0.787045,-0.797918,-0.797918
-0.888532,19.931224,4.469020,-0.888532,2.281393
0.812650,19.931224,2.578185,-1.509278,-1.509278
-0.506397,19.931224,1.078565,-0.506397,-0.506397
-1.632040,19.931225,2.455423,-1.632040,-1.632040
-0.017898,19.931225,3.351336,-0.017898,2.645067
1.519024,19.931224,0.296631,-1.288331,-1.288331
2.061212,19.931224,1.324246,-0.260716,-0.260716
0.888308,19.931224,2.025811,-1.433620,-1.433620
-0.973592,19.931224,2.485840,-0.973592,1.833763
0.845275,19.931224,-0.739687,-0.739687,-0.739687
-1.326859,19.931224,2.580032,-1.326859,0.258103
-0.262221,19.931224,2.907704,-0.262221,-0.262221
0.618598,19.931224,1.355563,-0.966365,-0.966365
-1.337459,19.931224,1.469896,-1.337459,-1.337459
-0.895727,19.931224,2.274198,-0.895727,-0.895727
-0.801587,19.931224,7.343072,-0.801587,3.953301
0.317235,19.931223,12.419670,6.760178,8.808286
0.732206,19.931224,4.639097,-0.852756,1.954599
2.339419,19.931224,2.701989,-0.467936,1.117026
-0.429221,19.931224,3.477669,-0.429221,-0.429221
1.174829,19.931224,1.911795,-0.410133,-0.410133
0.017419,19.931225,3.386653,-1.567543,0.754385
0.794230,19.931224,2.995864,-1.527698,2.559765
-0.808045,19.931224,0.776918,-0.808045,-0.808045
0.143367,19.931223,4.898255,0.143367,2.465295
0.290335,19.931224,2.405812,-1.294627,-1.294627
2.234040,19.931224,2.234040,-0.087888,-0.087888
1.124451,19.931224,2.502963,-1.197477,-1.197477
1.034579,19.931224,1.034579,-1.287349,-1.287349
0.716430,19.931224,-0.868533,-0.868533,-0.868533
-1.429409,19.931224,0.155554,-1.429409,-1.429409
1.478204,19.931224,1.478204,-0.106759,-0.106759
2.399934,19.931224,2.847393,-1.059498,-1.059498
-1.275944,19.931224,1.045984,-1.275944,-1.275944
-1.493835,19.931224,5.561447,0.828093,3.550559
0.959276,19.931224,4.470238,-1.362652,2.337788
