0.000000,1.000000,0.000000,0.000000,0.000000
0.000000,0.999613,0.000387,0.000000,0.000000
0.000000,1.000000,0.000000,0.000000,0.000000
0.000000,0.999894,0.000106,0.000000,0.000000
0.000000,1.000000,0.000000,0.000000,0.000000
0.000000,1.000000,0.000000,0.000000,0.000000
0.000000,1.000000,0.000000,0.000000,0.000000
0.000000,0.999830,0.000170,0.000000,0.000000
0.000000,1.000000,0.000000,0.000000,0.000000
0.000000,1.000000,0.000000,0.000000,0.000000
0.000000,1.000000,0.000000,0.000000,0.000000
0.000000,1.000000,0.000000,0.000000,0.000000
0.000000,0.999533,0.000467,0.000000,0.000000
0.000000,1.000000,0.000000,0.000000,0.000000
0.000000,1.000000,0.000000,0.000000,0.000000
0.000000,1.000000,0.000000,0.000000,0.000000
0.000000,1.000000,0.000000,0.000000,0.000000
0.000000,0.999736,0.000264,0.000000,0.000000
0.000000,1.000000,0.000000,0.000000,0.000000
0.000000,0.999837,0.000163,0.000000,0.000000
0.000000,0.999778,0.000222,0.000000,0.000000
0.000000,1.000000,0.000000,0.000000,0.000000
0.000000,1.000000,0.000000,0.000000,0.000000
0.000000,0.999658,0.000342,0.000000,0.000000
0.000000,1.000000,0.000000,0.000000,0.000000
0.000000,1.000000,0.000000,0.000000,0.000000
0.000000,1.000000,0.000000,0.000000,0.000000
0.000000,0.999752,0.000000,0.000000,0.000248
0.000000,1.000000,0.000000,0.000000,0.000000
0.000000,1.000000,0.000000,0.000000,0.000000
0.000000,1.000000,0.000000,0.000000,0.000000
0.000000,1.000000,0.000000,0.000000,0.000000
0.000000,1.000000,0.000000,0.000000,0.000000
0.000000,1.000000,0.000000,0.000000,0.000000
0.000000,1.000000,0.000000,0.000000,0.000000
0.000000,1.000000,0.000000,0.000000,0.000000
0.000000,1.000000,0.000000,0.000000,0.000000
0.000000,1.000000,0.000000,0.000000,0.000000
0.000000,1.000000,0.000000,0.000000,0.000000
0.000000,1.000000,0.000000,0.000000,0.000000
0.000000,1.000000,0.000000,0.000000,0.000000
0.000000,1.000000,0.000000,0.000000,0.000000
0.000000,1.000000,0.000000,0.000000,0.000000
0.000000,1.000000,0.000000,0.000000,0.000000
0.000000,1.000000,0.000000,0.000000,0.000000
0.000000,1.000000,0.000000,0.000000,0.000000
0.000000,1.000000,0.000000,0.000000,0.000000
0.000000,1.000000,0.000000,0.000000,0.000000
0.000000,1.000000,0.000000,0.000000,0.000000
0.000000,1.000000,0.000000,0.000000,0.000000
0.000000,1.000000,0.000000,0.000000,0.000000
0.000000,1.000000,0.000000,0.000000,0.000000
0.000000,1.000000,0.000000,0.000000,0.000000
0.000000,1.000000,0.000000,0.000000,0.000000
0.000000,1.000000,0.000000,0.000000,0.000000
0.000000,1.000000,0.000000,0.000000,0.000000
0.000000,1.000000,0.000000,0.000000,0.000000
0.000000,1.000000,0.000000,0.000000,0.000000
0.000000,1.000000,0.000000,0.000000,0.000000
0.000000,1.000000,0.000000,0.000000,0.000000
0.000000,0.999827,0.000173,0.000000,0.000000
0.000000,1.000000,0.000000,0.000000,0.000000
0.000000,1.000000,0.000000,0.000000,0.000000
0.000000,1.000000,0.000000,0.000000,0.000000
0.000000,1.000000,0.000000,0.000000,0.000000
0.000000,0.998171,0.001829,0.000000,0.000000
0.000000,1.000000,0.000000,0.000000,0.000000
0.000000,1.000000,0.000000,0.000000,0.000000
0.000000,1.000000,0.000000,0.000000,0.000000
0.000000,1.000000,0.000000,0.000000,0.000000
0.000000,1.000000,0.000000,0.000000,0.000000
0.000000,1.000000,0.000000,0.000000,0.000000
0.000000,1.000000,0.000000,0.000000,0.000000
0.000000,1.000000,0.000000,0.000000,0.000000
0.000000,1.000000,0.000000,0.000000,0.000000
0.000000,0.999864,0.000136,0.000000,0.000000
0.000000,1.000000,0.000000,0.000000,0.000000
0.000000,1.000000,0.000000,0.000000,0.000000
0.000000,1.000000,0.000000,0.000000,0.000000
0.000000,1.000000,0.000000,0.000000,0.000000
0.000000,1.000000,0.000000,0.000000,0.000000
0.000000,1.000000,0.000000,0.000000,0.000000
0.000000,1.000000,0.000000,0.000000,0.000000
0.000000,0.999668,0.000332,0.000000,0.000000
0.000000,1.000000,0.000000,0.000000,0.000000
0.000000,0.999844,0.000156,0.000000,0.000000
0.000000,1.000000,0.000000,0.000000,0.000000
0.000000,1.000000,0.000000,0.000000,0.000000
0.000000,1.000000,0.000000,0.000000,0.000000
0.000000,1.000000,0.000000,0.000000,0.000000
0.000000,1.000000,0.000000,0.000000,0.000000
0.000000,1.000000,0.000000,0.000000,0.000000
0.000000,0.999722,0.000278,0.000000,0.000000
0.000000,1.000000,0.000000,0.000000,0.000000
0.000000,1.000000,0.000000,0.000000,0.000000
0.000000,1.000000,0.000000,0.000000,0.000000
0.000000,1.000000,0.000000,0.000000,0.000000
0.000000,1.000000,0.000000,0.000000,0.000000
0.000000,1.000000,0.000000,0.000000,0.000000
0.000000,1.000000,0.000000,0.000000,0.000000
0.000000,0.999841,0.000159,0.000000,0.000000
0.000000,1.000000,0.000000,0.000000,0.000000
0.000000,1.000000,0.000000,0.000000,0.000000
0.000000,1.000000,0.000000,0.000000,0.000000
0.000000,1.000000,0.000000,0.000000,0.000000
0.000000,0.999918,0.000082,0.000000,0.000000
0.000000,1.000000,0.000000,0.000000,0.000000
0.000000,1.000000,0.000000,0.000000,0.000000
0.000000,1.000000,0.000000,0.000000,0.000000
0.000000,1.000000,0.000000,0.000000,0.000000
0.000000,0.999807,0.000193,0.000000,0.000000
0.000000,1.000000,0.000000,0.000000,0.000000
0.000000,1.000000,0.000000,0.000000,0.000000
0.000000,1.000000,0.000000,0.000000,0.000000
0.000000,0.999946,0.000054,0.000000,0.000000
0.000000,1.000000,0.000000,0.000000,0.000000
0.000000,0.999290,0.000710,0.000000,0.000000
0.000000,1.000000,0.000000,0.000000,0.000000
0.000000,1.000000,0.000000,0.000000,0.000000
0.000000,1.000000,0.000000,0.000000,0.000000
0.000000,1.000000,0.000000,0.000000,0.000000
0.000000,1.000000,0.000000,0.000000,0.000000
0.000000,1.000000,0.000000,0.000000,0.000000
0.000000,1.000000,0.000000,0.000000,0.000000
0.000000,0.999731,0.000269,0.000000,0.000000
0.000000,0.999861,0.000139,0.000000,0.000000
0.000000,1.000000,0.000000,0.000000,0.000000
0.000000,1.000000,0.000000,0.000000,0.000000
0.000000,0.997730,0.002270,0.000000,0.000000
0.000000,1.000000,0.000000,0.000000,0.000000
0.000000,1.000000,0.000000,0.000000,0.000000
0.000000,1.000000,0.000000,0.000000,0.000000
0.000000,1.000000,0.000000,0.000000,0.000000
0.000000,1.000000,0.000000,0.000000,0.000000
0.000000,1.000000,0.000000,0.000000,0.000000
0.000000,1.000000,0.000000,0.000000,0.000000
0.000000,1.000000,0.000000,0.000000,0.000000
0.000000,0.984252,0.000000,0.000000,0.015748
0.000000,1.000000,0.000000,0.000000,0.000000
0.000000,1.000000,0.000000,0.000000,0.000000
0.000000,1.000000,0.000000,0.000000,0.000000
0.000000,1.000000,0.000000,0.000000,0.000000
0.000000,1.000000,0.000000,0.000000,0.000000
0.000000,0.999067,0.000933,0.000000,0.000000
0.000000,1.000000,0.000000,0.000000,0.000000
0.000000,1.000000,0.000000,0.000000,0.000000
0.000000,1.000000,0.000000,0.000000,0.000000
0.000000,1.000000,0.000000,0.000000,0.000000
0.000000,1.000000,0.000000,0.000000,0.000000
0.000000,1.000000,0.000000,0.000000,0.000000
0.000000,1.000000,0.000000,0.000000,0.000000
0.000000,0.997013,0.002987,0.000000,0.000000
0.000000,0.999551,0.000000,0.000000,0.000449
0.000000,1.000000,0.000000,0.000000,0.000000
0.000000,1.000000,0.000000,0.000000,0.000000
0.000000,1.000000,0.000000,0.000000,0.000000
0.000000,1.000000,0.000000,0.000000,0.000000
0.000000,1.000000,0.000000,0.000000,0.000000
0.000000,1.000000,0.000000,0.000000,0.000000
0.000000,1.000000,0.000000,0.000000,0.000000
0.000000,1.000000,0.000000,0.000000,0.000000
0.000000,1.000000,0.000000,0.000000,0.000000
0.000000,1.000000,0.000000,0.000000,0.000000
0.000000,0.999687,0.000313,0.000000,0.000000
0.000000,1.000000,0.000000,0.000000,0.000000
0.000000,0.994489,0.005087,0.000000,0.000424
0.000000,1.000000,0.000000,0.000000,0.000000
0.000000,1.000000,0.000000,0.000000,0.000000
0.000000,1.000000,0.000000,0.000000,0.000000
0.000000,1.000000,0.000000,0.000000,0.000000
0.000000,1.000000,0.000000,0.000000,0.000000
0.000000,1.000000,0.000000,0.000000,0.000000
0.000000,1.000000,0.000000,0.000000,0.000000
0.000000,1.000000,0.000000,0.000000,0.000000
0.000000,1.000000,0.000000,0.000000,0.000000
0.000000,1.000000,0.000000,0.000000,0.000000
0.000000,1.000000,0.000000,0.000000,0.000000
0.000000,1.000000,0.000000,0.000000,0.000000
0.000000,1.000000,0.000000,0.000000,0.000000
0.000000,1.000000,0.000000,0.000000,0.000000
0.000000,1.000000,0.000000,0.000000,0.000000
0.000195,0.999794,0.000008,0.000000,0.000004
0.000007,0.999739,0.000195,0.000000,0.000060
0.000000,1.000000,0.000000,0.000000,0.000000
0.000009,0.999977,0.000005,0.000000,0.000009
0.000016,0.999923,0.000053,0.000000,0.000008
0.000070,0.999924,0.000006,0.000000,0.000001
0.000000,0.995528,0.004301,0.000000,0.000171
0.000056,0.999870,0.000039,0.000000,0.000034
0.000000,1.000000,0.000000,0.000000,0.000000
0.000098,0.999852,0.000044,0.000000,0.000006
0.000013,0.999971,0.000009,0.000000,0.000007
0.000023,0.999955,0.000016,0.000000,0.000006
0.000003,0.999323,0.000446,0.000008,0.000220
0.000000,0.999964,0.000036,0.000000,0.000000
0.001871,0.998127,0.000002,0.000000,0.000000
0.000024,0.999966,0.000006,0.000000,0.000004
0.000018,0.999817,0.000058,0.000000,0.000107
0.000000,0.999983,0.000000,0.000000,0.000017
0.000000,1.000000,0.000000,0.000000,0.000000
0.000045,0.999936,0.000002,0.000000,0.000017
0.000002,0.999970,0.000024,0.000000,0.000004
0.000040,0.999956,0.000002,0.000000,0.000002
0.000249,0.999727,0.000020,0.000000,0.000004
0.000000,0.998989,0.000761,0.000000,0.000250
0.000000,0.998268,0.000840,0.000000,0.000892
0.000044,0.998571,0.001008,0.000002,0.000375
0.000020,0.997440,0.001211,0.000000,0.001330
0.000000,0.999811,0.000126,0.000000,0.000063
0.003382,0.996611,0.000003,0.000000,0.000005
0.010007,0.989084,0.000849,0.000000,0.000059
0.000000,0.999984,0.000016,0.000000,0.000000
0.000002,0.999984,0.000009,0.000000,0.000005
0.000006,0.999961,0.000022,0.000000,0.000011
0.000030,0.999910,0.000015,0.000000,0.000045
0.001847,0.998135,0.000015,0.000000,0.000003
0.003109,0.995806,0.000957,0.000000,0.000128
0.000005,0.998557,0.001161,0.000000,0.000277
0.000122,0.999862,0.000012,0.000000,0.000004
0.000204,0.999719,0.000062,0.000000,0.000015
0.000058,0.999355,0.000391,0.000000,0.000196
0.000007,0.999911,0.000071,0.000000,0.000011
0.000000,0.999975,0.000025,0.000000,0.000000
0.000019,0.999961,0.000014,0.000000,0.000007
0.000481,0.999513,0.000000,0.000000,0.000006
0.000000,1.000000,0.000000,0.000000,0.000000
0.000000,1.000000,0.000000,0.000000,0.000000
0.000000,1.000000,0.000000,0.000000,0.000000
0.000000,1.000000,0.000000,0.000000,0.000000
0.000068,0.999730,0.000135,0.000000,0.000068
0.000000,1.000000,0.000000,0.000000,0.000000
0.000000,0.999920,0.000080,0.000000,0.000000
0.000000,1.000000,0.000000,0.000000,0.000000
0.000000,0.999370,0.000462,0.000000,0.000168
0.000000,1.000000,0.000000,0.000000,0.000000
0.000000,0.997870,0.002015,0.000000,0.000115
0.000000,1.000000,0.000000,0.000000,0.000000
0.000000,1.000000,0.000000,0.000000,0.000000
0.000000,1.000000,0.000000,0.000000,0.000000
0.000000,1.000000,0.000000,0.000000,0.000000
0.000000,1.000000,0.000000,0.000000,0.000000
0.000000,1.000000,0.000000,0.000000,0.000000
0.000000,1.000000,0.000000,0.000000,0.000000
0.000000,1.000000,0.000000,0.000000,0.000000
0.000000,1.000000,0.000000,0.000000,0.000000
0.000000,1.000000,0.000000,0.000000,0.000000
0.000000,1.000000,0.000000,0.000000,0.000000
0.000000,1.000000,0.000000,0.000000,0.000000
0.000000,1.000000,0.000000,0.000000,0.000000
0.000000,1.000000,0.000000,0.000000,0.000000
0.000000,1.000000,0.000000,0.000000,0.000000
0.000000,1.000000,0.000000,0.000000,0.000000
0.000000,0.999909,0.000091,0.000000,0.000000
0.000000,0.999911,0.000000,0.000000,0.000089
0.000000,1.000000,0.000000,0.000000,0.000000
0.000000,1.000000,0.000000,0.000000,0.000000
0.000000,0.999744,0.000000,0.000000,0.000256
0.000000,1.000000,0.000000,0.000000,0.000000
0.000000,1.000000,0.000000,0.000000,0.000000
0.000000,1.000000,0.000000,0.000000,0.000000
0.000000,1.000000,0.000000,0.000000,0.000000
0.000000,1.000000,0.000000,0.000000,0.000000
0.000000,1.000000,0.000000,0.000000,0.000000
0.000000,1.000000,0.000000,0.000000,0.000000
0.000095,0.999905,0.000000,0.000000,0.000000
0.000000,0.999859,0.000141,0.000000,0.000000
0.000000,1.000000,0.000000,0.000000,0.000000
0.000000,1.000000,0.000000,0.000000,0.000000
0.000000,0.999977,0.000023,0.000000,0.000000
0.000000,0.999939,0.000000,0.000000,0.000061
0.000000,1.000000,0.000000,0.000000,0.000000
0.000000,1.000000,0.000000,0.000000,0.000000
0.000000,1.000000,0.000000,0.000000,0.000000
0.000000,0.999915,0.000085,0.000000,0.000000
0.000000,1.000000,0.000000,0.000000,0.000000
0.000000,0.999526,0.000000,0.000000,0.000474
0.000144,0.999856,0.000000,0.000000,0.000000
0.000000,1.000000,0.000000,0.000000,0.000000
0.000000,1.000000,0.000000,0.000000,0.000000
0.000000,1.000000,0.000000,0.000000,0.000000
0.000000,1.000000,0.000000,0.000000,0.000000
0.000000,1.000000,0.000000,0.000000,0.000000
0.000000,0.999907,0.000000,0.000000,0.000093
0.000000,1.000000,0.000000,0.000000,0.000000
0.000000,1.000000,0.000000,0.000000,0.000000
0.000000,1.000000,0.000000,0.000000,0.000000
0.000000,1.000000,0.000000,0.000000,0.000000
0.000000,1.000000,0.000000,0.000000,0.000000
0.000000,1.000000,0.000000,0.000000,0.000000
0.000000,1.000000,0.000000,0.000000,0.000000
0.000000,1.000000,0.000000,0.000000,0.000000
0.000000,1.000000,0.000000,0.000000,0.000000
0.000000,1.000000,0.000000,0.000000,0.000000
0.000000,1.000000,0.000000,0.000000,0.000000
0.000000,1.000000,0.000000,0.000000,0.000000
0.000000,1.000000,0.000000,0.000000,0.000000
0.000000,0.998014,0.000052,0.000000,0.001934
0.000000,1.000000,0.000000,0.000000,0.000000
0.000000,1.000000,0.000000,0.000000,0.000000
0.000000,0.998903,0.000000,0.000000,0.001097
0.000000,1.000000,0.000000,0.000000,0.000000
0.000000,0.999847,0.000000,0.000000,0.000153
0.000000,1.000000,0.000000,0.000000,0.000000
0.000000,1.000000,0.000000,0.000000,0.000000
0.000000,0.999938,0.000031,0.000000,0.000031
0.000000,1.000000,0.000000,0.000000,0.000000
0.000000,1.000000,0.000000,0.000000,0.000000
0.000000,1.000000,0.000000,0.000000,0.000000
0.000000,1.000000,0.000000,0.000000,0.000000
0.000000,0.999698,0.000000,0.000000,0.000302
0.000000,1.000000,0.000000,0.000000,0.000000
0.000000,1.000000,0.000000,0.000000,0.000000
0.000000,1.000000,0.000000,0.000000,0.000000
0.000035,0.999942,0.000023,0.000000,0.000000
0.000010,0.999990,0.000000,0.000000,0.000000
0.000000,0.999976,0.000012,0.000000,0.000012
0.000000,0.999905,0.000083,0.000000,0.000012
0.000433,0.999506,0.000048,0.000012,0.000000
0.000000,0.999914,0.000086,0.000000,0.000000
0.000000,0.999965,0.000035,0.000000,0.000000
0.000000,0.999761,0.000239,0.000000,0.000000
0.000000,0.999837,0.000163,0.000000,0.000000
0.000181,0.999759,0.000060,0.000000,0.000000
0.000000,0.999958,0.000031,0.000000,0.000010
0.000000,1.000000,0.000000,0.000000,0.000000
0.000202,0.999741,0.000045,0.000000,0.000011
0.000000,0.999988,0.000012,0.000000,0.000000
0.000029,0.999923,0.000029,0.000000,0.000019
0.000000,0.999989,0.000011,0.000000,0.000000
0.000000,0.999701,0.000250,0.000000,0.000050
0.000000,0.999457,0.000432,0.000000,0.000111
0.000012,0.999953,0.000024,0.000000,0.000012
0.000000,0.999911,0.000089,0.000000,0.000000
0.000034,0.999876,0.000079,0.000000,0.000011
0.000000,1.000000,0.000000,0.000000,0.000000
0.000000,1.000000,0.000000,0.000000,0.000000
0.000000,1.000000,0.000000,0.000000,0.000000
0.000000,1.000000,0.000000,0.000000,0.000000
0.000000,1.000000,0.000000,0.000000,0.000000
0.000000,0.989011,0.000000,0.010989,0.000000
0.000000,1.000000,0.000000,0.000000,0.000000
0.000000,0.981132,0.000000,0.018868,0.000000
0.000000,1.000000,0.000000,0.000000,0.000000
0.000000,1.000000,0.000000,0.000000,0.000000
0.000000,1.000000,0.000000,0.000000,0.000000
0.000000,1.000000,0.000000,0.000000,0.000000
0.000000,1.000000,0.000000,0.000000,0.000000
0.000000,1.000000,0.000000,0.000000,0.000000
0.000000,1.000000,0.000000,0.000000,0.000000
0.000000,1.000000,0.000000,0.000000,0.000000
0.000000,1.000000,0.000000,0.000000,0.000000
0.000000,1.000000,0.000000,0.000000,0.000000
0.000000,1.000000,0.000000,0.000000,0.000000
0.000000,1.000000,0.000000,0.000000,0.000000
0.000000,1.000000,0.000000,0.000000,0.000000
0.000000,1.000000,0.000000,0.000000,0.000000
0.000000,1.000000,0.000000,0.000000,0.000000
0.000000,1.000000,0.000000,0.000000,0.000000
0.000000,1.000000,0.000000,0.000000,0.000000
0.000000,1.000000,0.000000,0.000000,0.000000
0.000000,1.000000,0.000000,0.000000,0.000000
0.000000,1.000000,0.000000,0.000000,0.000000
0.000000,1.000000,0.000000,0.000000,0.000000
0.000000,1.000000,0.000000,0.000000,0.000000
0.000000,1.000000,0.000000,0.000000,0.000000
0.000000,1.000000,0.000000,0.000000,0.000000
0.000000,1.000000,0.000000,0.000000,0.000000
0.000000,1.000000,0.000000,0.000000,0.000000
0.000000,1.000000,0.000000,0.000000,0.000000
0.000000,1.000000,0.000000,0.000000,0.000000
0.000000,0.988506,0.000000,0.011494,0.000000
0.000000,1.000000,0.000000,0.000000,0.000000
0.000000,1.000000,0.000000,0.000000,0.000000
0.000000,1.000000,0.000000,0.000000,0.000000
0.000000,1.000000,0.000000,0.000000,0.000000
0.000000,1.000000,0.000000,0.000000,0.000000
0.000000,1.000000,0.000000,0.000000,0.000000
0.000000,1.000000,0.000000,0.000000,0.000000
0.000000,1.000000,0.000000,0.000000,0.000000
0.000000,1.000000,0.000000,0.000000,0.000000
0.000000,1.000000,0.000000,0.000000,0.000000
0.000000,1.000000,0.000000,0.000000,0.000000
0.000000,1.000000,0.000000,0.000000,0.000000
0.000000,0.980769,0.000000,0.019231,0.000000
0.000000,1.000000,0.000000,0.000000,0.000000
0.000000,1.000000,0.000000,0.000000,0.000000
0.000000,1.000000,0.000000,0.000000,0.000000
0.000000,1.000000,0.000000,0.000000,0.000000
0.000000,1.000000,0.000000,0.000000,0.000000
0.000000,0.955556,0.000000,0.044444,0.000000
0.000000,1.000000,0.000000,0.000000,0.000000
0.000000,0.985507,0.000000,0.014493,0.000000
0.000000,0.986842,0.000000,0.013158,0.000000
0.000000,1.000000,0.000000,0.000000,0.000000
0.000000,1.000000,0.000000,0.000000,0.000000
0.000000,1.000000,0.000000,0.000000,0.000000
0.000000,1.000000,0.000000,0.000000,0.000000
0.000000,1.000000,0.000000,0.000000,0.000000
0.000000,1.000000,0.000000,0.000000,0.000000
0.000000,0.937500,0.000000,0.062500,0.000000
0.000000,1.000000,0.000000,0.000000,0.000000
0.000000,0.959184,0.000000,0.040816,0.000000
0.000000,1.000000,0.000000,0.000000,0.000000
0.000000,1.000000,0.000000,0.000000,0.000000
0.000000,1.000000,0.000000,0.000000,0.000000
0.000000,1.000000,0.000000,0.000000,0.000000
0.000000,1.000000,0.000000,0.000000,0.000000
0.000000,1.000000,0.000000,0.000000,0.000000
0.000000,1.000000,0.000000,0.000000,0.000000
0.000000,1.000000,0.000000,0.000000,0.000000
0.000000,1.000000,0.000000,0.000000,0.000000
0.000000,1.000000,0.000000,0.000000,0.000000
0.000000,1.000000,0.000000,0.000000,0.000000
0.000000,1.000000,0.000000,0.000000,0.000000
0.000000,1.000000,0.000000,0.000000,0.000000
0.000000,0.952381,0.000000,0.047619,0.000000
0.000000,0.968750,0.000000,0.031250,0.000000
0.000000,1.000000,0.000000,0.000000,0.000000
0.000000,1.000000,0.000000,0.000000,0.000000
0.000000,0.882353,0.000000,0.117647,0.000000
0.000000,1.000000,0.000000,0.000000,0.000000
0.000000,1.000000,0.000000,0.000000,0.000000
0.000000,1.000000,0.000000,0.000000,0.000000
0.000000,1.000000,0.000000,0.000000,0.000000
0.000000,1.000000,0.000000,0.000000,0.000000
0.000000,1.000000,0.000000,0.000000,0.000000
0.000000,1.000000,0.000000,0.000000,0.000000
0.000000,0.969697,0.000000,0.030303,0.000000
0.000000,1.000000,0.000000,0.000000,0.000000
0.000000,1.000000,0.000000,0.000000,0.000000
0.000000,1.000000,0.000000,0.000000,0.000000
0.000000,1.000000,0.000000,0.000000,0.000000
0.000000,1.000000,0.000000,0.000000,0.000000
0.000000,1.000000,0.000000,0.000000,0.000000
0.000000,1.000000,0.000000,0.000000,0.000000
0.000000,1.000000,0.000000,0.000000,0.000000
0.000000,1.000000,0.000000,0.000000,0.000000
0.000000,1.000000,0.000000,0.000000,0.000000
0.000000,0.941176,0.000000,0.058824,0.000000
0.000000,1.000000,0.000000,0.000000,0.000000
0.000000,0.983607,0.000000,0.016393,0.000000
0.000000,1.000000,0.000000,0.000000,0.000000
0.000000,1.000000,0.000000,0.000000,0.000000
0.000000,1.000000,0.000000,0.000000,0.000000
0.000000,1.000000,0.000000,0.000000,0.000000
0.000000,0.957447,0.000000,0.042553,0.000000
0.000000,1.000000,0.000000,0.000000,0.000000
0.000000,0.979167,0.000000,0.020833,0.000000
0.000000,1.000000,0.000000,0.000000,0.000000
0.000000,1.000000,0.000000,0.000000,0.000000
0.000000,1.000000,0.000000,0.000000,0.000000
0.000000,1.000000,0.000000,0.000000,0.000000
0.000000,1.000000,0.000000,0.000000,0.000000
0.000000,0.952381,0.000000,0.047619,0.000000
0.000000,1.000000,0.000000,0.000000,0.000000
0.000000,1.000000,0.000000,0.000000,0.000000
0.000000,1.000000,0.000000,0.000000,0.000000
0.000000,1.000000,0.000000,0.000000,0.000000
0.000000,1.000000,0.000000,0.000000,0.000000
0.000000,1.000000,0.000000,0.000000,0.000000
0.000000,1.000000,0.000000,0.000000,0.000000
0.000000,1.000000,0.000000,0.000000,0.000000
0.000000,1.000000,0.000000,0.000000,0.000000
0.000000,1.000000,0.000000,0.000000,0.000000
0.000000,1.000000,0.000000,0.000000,0.000000
0.000000,1.000000,0.000000,0.000000,0.000000
0.000000,1.000000,0.000000,0.000000,0.000000
0.000000,1.000000,0.000000,0.000000,0.000000
0.000000,1.000000,0.000000,0.000000,0.000000
0.000000,1.000000,0.000000,0.000000,0.000000
0.000000,0.945946,0.000000,0.054054,0.000000
0.000000,1.000000,0.000000,0.000000,0.000000
0.000000,1.000000,0.000000,0.000000,0.000000
0.000000,1.000000,0.000000,0.000000,0.000000
0.000000,0.999994,0.000003,0.000000,0.000003
0.000000,0.999909,0.000087,0.000000,0.000004
0.000000,0.999861,0.000121,0.000000,0.000019
0.000000,0.999941,0.000059,0.000000,0.000000
0.000000,0.999967,0.000031,0.000000,0.000001
0.000000,0.999969,0.000030,0.000000,0.000001
0.000000,0.999986,0.000014,0.000000,0.000000
0.000000,0.999936,0.000063,0.000000,0.000001
0.000000,0.999986,0.000000,0.000014,0.000000
0.000000,0.999995,0.000004,0.000000,0.000001
0.000000,1.000000,0.000000,0.000000,0.000000
0.000000,1.000000,0.000000,0.000000,0.000000
0.000000,0.999958,0.000042,0.000000,0.000000
0.000000,1.000000,0.000000,0.000000,0.000000
0.000000,1.000000,0.000000,0.000000,0.000000
0.000000,1.000000,0.000000,0.000000,0.000000
0.000000,0.999959,0.000000,0.000000,0.000041
0.000000,1.000000,0.000000,0.000000,0.000000
0.000000,1.000000,0.000000,0.000000,0.000000
0.000000,1.000000,0.000000,0.000000,0.000000
0.000000,1.000000,0.000000,0.000000,0.000000
0.000000,0.999992,0.000000,0.000000,0.000008
0.000000,1.000000,0.000000,0.000000,0.000000
0.000000,1.000000,0.000000,0.000000,0.000000
0.000018,0.999964,0.000000,0.000000,0.000018
0.000021,0.999979,0.000000,0.000000,0.000000
0.000000,0.999980,0.000020,0.000000,0.000000
0.000000,1.000000,0.000000,0.000000,0.000000
0.000020,0.999980,0.000000,0.000000,0.000000
0.000000,1.000000,0.000000,0.000000,0.000000
0.000000,1.000000,0.000000,0.000000,0.000000
0.000000,0.999962,0.000019,0.000000,0.000019
0.000045,0.999955,0.000000,0.000000,0.000000
0.000023,0.999977,0.000000,0.000000,0.000000
0.000000,1.000000,0.000000,0.000000,0.000000
0.000000,1.000000,0.000000,0.000000,0.000000
0.000009,0.999986,0.000005,0.000000,0.000000
0.000000,1.000000,0.000000,0.000000,0.000000
0.000000,1.000000,0.000000,0.000000,0.000000
0.000009,0.999991,0.000000,0.000000,0.000000
0.000000,1.000000,0.000000,0.000000,0.000000
0.000000,1.000000,0.000000,0.000000,0.000000
0.000000,1.000000,0.000000,0.000000,0.000000
0.000000,1.000000,0.000000,0.000000,0.000000
0.000000,1.000000,0.000000,0.000000,0.000000
0.000000,1.000000,0.000000,0.000000,0.000000
0.000000,1.000000,0.000000,0.000000,0.000000
0.000000,1.000000,0.000000,0.000000,0.000000
0.000000,1.000000,0.000000,0.000000,0.000000
0.000000,1.000000,0.000000,0.000000,0.000000
0.000021,0.999979,0.000000,0.000000,0.000000
0.000000,1.000000,0.000000,0.000000,0.000000
0.000000,1.000000,0.000000,0.000000,0.000000
0.000016,0.999984,0.000000,0.000000,0.000000
0.000000,1.000000,0.000000,0.000000,0.000000
0.000000,1.000000,0.000000,0.000000,0.000000
0.000020,0.999960,0.000020,0.000000,0.000000
0.000000,1.000000,0.000000,0.000000,0.000000
0.000000,1.000000,0.000000,0.000000,0.000000
0.000000,1.000000,0.000000,0.000000,0.000000
0.000000,1.000000,0.000000,0.000000,0.000000
0.000000,1.000000,0.000000,0.000000,0.000000
0.000031,0.999969,0.000000,0.000000,0.000000
0.000017,0.999983,0.000000,0.000000,0.000000
0.000000,0.999981,0.000000,0.000000,0.000019
0.000000,1.000000,0.000000,0.000000,0.000000
0.000019,0.999981,0.000000,0.000000,0.000000
0.000000,1.000000,0.000000,0.000000,0.000000
0.000000,1.000000,0.000000,0.000000,0.000000
0.000016,0.999984,0.000000,0.000000,0.000000
0.000000,1.000000,0.000000,0.000000,0.000000
0.000000,1.000000,0.000000,0.000000,0.000000
0.000000,1.000000,0.000000,0.000000,0.000000
0.000000,0.999959,0.000021,0.000000,0.000021
0.000000,0.999962,0.000000,0.000000,0.000038
0.000025,0.999975,0.000000,0.000000,0.000000
0.000000,1.000000,0.000000,0.000000,0.000000
0.000000,1.000000,0.000000,0.000000,0.000000
0.000000,1.000000,0.000000,0.000000,0.000000
0.000000,0.999979,0.000000,0.000000,0.000021
0.000000,1.000000,0.000000,0.000000,0.000000
0.000000,1.000000,0.000000,0.000000,0.000000
0.000000,1.000000,0.000000,0.000000,0.000000
0.000000,1.000000,0.000000,0.000000,0.000000
0.000000,1.000000,0.000000,0.000000,0.000000
0.000000,0.999923,0.000000,0.000077,0.000000
0.000000,1.000000,0.000000,0.000000,0.000000
0.000000,1.000000,0.000000,0.000000,0.000000
0.000000,0.999964,0.000018,0.000000,0.000018
0.000000,1.000000,0.000000,0.000000,0.000000
0.000000,1.000000,0.000000,0.000000,0.000000
0.000000,0.999974,0.000000,0.000000,0.000026
0.000000,1.000000,0.000000,0.000000,0.000000
0.000000,1.000000,0.000000,0.000000,0.000000
0.000000,1.000000,0.000000,0.000000,0.000000
0.000000,1.000000,0.000000,0.000000,0.000000
0.000000,1.000000,0.000000,0.000000,0.000000
0.000000,1.000000,0.000000,0.000000,0.000000
0.000000,1.000000,0.000000,0.000000,0.000000
0.000000,1.000000,0.000000,0.000000,0.000000
0.000000,0.999962,0.000019,0.000000,0.000019
0.000000,1.000000,0.000000,0.000000,0.000000
0.000018,0.999947,0.000018,0.000000,0.000018
0.000000,1.000000,0.000000,0.000000,0.000000
0.000000,1.000000,0.000000,0.000000,0.000000
0.000000,0.958992,0.025167,0.000000,0.015841
0.000000,1.000000,0.000000,0.000000,0.000000
0.000000,1.000000,0.000000,0.000000,0.000000
0.000000,1.000000,0.000000,0.000000,0.000000
0.000000,1.000000,0.000000,0.000000,0.000000
0.000000,1.000000,0.000000,0.000000,0.000000
0.000000,1.000000,0.000000,0.000000,0.000000
0.000000,1.000000,0.000000,0.000000,0.000000
0.000000,0.999984,0.000016,0.000000,0.000000
0.000021,0.999957,0.000021,0.000000,0.000000
0.000000,1.000000,0.000000,0.000000,0.000000
0.000000,1.000000,0.000000,0.000000,0.000000
0.000022,0.999978,0.000000,0.000000,0.000000
0.000000,1.000000,0.000000,0.000000,0.000000
0.000021,0.999979,0.000000,0.000000,0.000000
0.000022,0.999978,0.000000,0.000000,0.000000
0.000000,1.000000,0.000000,0.000000,0.000000
0.000000,1.000000,0.000000,0.000000,0.000000
0.000000,1.000000,0.000000,0.000000,0.000000
0.000000,1.000000,0.000000,0.000000,0.000000
0.000000,1.000000,0.000000,0.000000,0.000000
0.000021,0.999979,0.000000,0.000000,0.000000
0.000000,1.000000,0.000000,0.000000,0.000000
0.000000,0.999962,0.000019,0.000000,0.000019
0.000022,0.999978,0.000000,0.000000,0.000000
0.000000,1.000000,0.000000,0.000000,0.000000
0.000000,1.000000,0.000000,0.000000,0.000000
0.000000,1.000000,0.000000,0.000000,0.000000
0.000000,1.000000,0.000000,0.000000,0.000000
0.000000,1.000000,0.000000,0.000000,0.000000
0.000000,1.000000,0.000000,0.000000,0.000000
0.000016,0.999984,0.000000,0.000000,0.000000
0.000000,0.999923,0.000000,0.000077,0.000000
0.000000,1.000000,0.000000,0.000000,0.000000
0.000000,1.000000,0.000000,0.000000,0.000000
0.000000,1.000000,0.000000,0.000000,0.000000
0.000000,1.000000,0.000000,0.000000,0.000000
0.000000,0.990711,0.000000,0.000000,0.009289
0.000000,0.999973,0.000027,0.000000,0.000000
0.000000,1.000000,0.000000,0.000000,0.000000
0.000000,1.000000,0.000000,0.000000,0.000000
0.000000,1.000000,0.000000,0.000000,0.000000
0.000000,1.000000,0.000000,0.000000,0.000000
0.000000,1.000000,0.000000,0.000000,0.000000
0.000000,1.000000,0.000000,0.000000,0.000000
0.000000,0.999981,0.000019,0.000000,0.000000
0.000000,1.000000,0.000000,0.000000,0.000000
0.000000,1.000000,0.000000,0.000000,0.000000
0.000022,0.999978,0.000000,0.000000,0.000000
0.000000,1.000000,0.000000,0.000000,0.000000
0.000000,1.000000,0.000000,0.000000,0.000000
0.000000,1.000000,0.000000,0.000000,0.000000
0.000000,0.998897,0.000000,0.000000,0.001103
0.000000,1.000000,0.000000,0.000000,0.000000
0.000000,1.000000,0.000000,0.000000,0.000000
0.000020,0.999980,0.000000,0.000000,0.000000
0.000000,1.000000,0.000000,0.000000,0.000000
0.000000,1.000000,0.000000,0.000000,0.000000
0.000000,1.000000,0.000000,0.000000,0.000000
0.000000,1.000000,0.000000,0.000000,0.000000
0.000000,1.000000,0.000000,0.000000,0.000000
0.000027,0.999973,0.000000,0.000000,0.000000
0.000000,0.999981,0.000000,0.000000,0.000019
0.000039,0.999961,0.000000,0.000000,0.000000
0.000000,1.000000,0.000000,0.000000,0.000000
0.000000,1.000000,0.000000,0.000000,0.000000
0.000000,0.999979,0.000000,0.000000,0.000021
0.000000,1.000000,0.000000,0.000000,0.000000
0.000000,1.000000,0.000000,0.000000,0.000000
0.000000,1.000000,0.000000,0.000000,0.000000
0.000000,1.000000,0.000000,0.000000,0.000000
0.000000,1.000000,0.000000,0.000000,0.000000
0.000021,0.999979,0.000000,0.000000,0.000000
0.000022,0.999978,0.000000,0.000000,0.000000
0.000000,1.000000,0.000000,0.000000,0.000000
0.000000,1.000000,0.000000,0.000000,0.000000
0.000000,1.000000,0.000000,0.000000,0.000000
0.000000,1.000000,0.000000,0.000000,0.000000
0.000000,1.000000,0.000000,0.000000,0.000000
0.000000,1.000000,0.000000,0.000000,0.000000
0.000000,1.000000,0.000000,0.000000,0.000000
0.000000,1.000000,0.000000,0.000000,0.000000
0.000000,1.000000,0.000000,0.000000,0.000000
0.000000,1.000000,0.000000,0.000000,0.000000
0.000000,1.000000,0.000000,0.000000,0.000000
0.000000,0.999981,0.000019,0.000000,0.000000
0.000000,0.999982,0.000018,0.000000,0.000000
0.000000,1.000000,0.000000,0.000000,0.000000
0.000000,1.000000,0.000000,0.000000,0.000000
0.000000,1.000000,0.000000,0.000000,0.000000
0.000000,0.999950,0.000050,0.000000,0.000000
0.000000,0.999981,0.000000,0.000000,0.000019
0.000000,0.999951,0.000049,0.000000,0.000000
0.000000,1.000000,0.000000,0.000000,0.000000
0.000000,0.999959,0.000021,0.000000,0.000021
0.000000,1.000000,0.000000,0.000000,0.000000
0.000000,1.000000,0.000000,0.000000,0.000000
0.000000,1.000000,0.000000,0.000000,0.000000
0.000000,1.000000,0.000000,0.000000,0.000000
0.000000,0.999984,0.000016,0.000000,0.000000
0.000000,1.000000,0.000000,0.000000,0.000000
0.000000,0.999746,0.000000,0.000000,0.000254
0.000000,1.000000,0.000000,0.000000,0.000000
0.000026,0.999974,0.000000,0.000000,0.000000
0.000000,1.000000,0.000000,0.000000,0.000000
0.000000,0.999974,0.000026,0.000000,0.000000
0.000000,1.000000,0.000000,0.000000,0.000000
0.000000,0.999978,0.000022,0.000000,0.000000
0.000000,1.000000,0.000000,0.000000,0.000000
0.000000,1.000000,0.000000,0.000000,0.000000
0.000000,1.000000,0.000000,0.000000,0.000000
0.000000,1.000000,0.000000,0.000000,0.000000
0.000019,0.999962,0.000019,0.000000,0.000000
0.000000,1.000000,0.000000,0.000000,0.000000
0.000021,0.959190,0.025142,0.000000,0.015647
0.000000,1.000000,0.000000,0.000000,0.000000
0.000000,1.000000,0.000000,0.000000,0.000000
0.000000,1.000000,0.000000,0.000000,0.000000
0.000000,1.000000,0.000000,0.000000,0.000000
0.000000,1.000000,0.000000,0.000000,0.000000
0.000000,1.000000,0.000000,0.000000,0.000000
0.000000,0.999979,0.000000,0.000000,0.000021
0.000000,1.000000,0.000000,0.000000,0.000000
0.000000,1.000000,0.000000,0.000000,0.000000
0.000000,1.000000,0.000000,0.000000,0.000000
0.000000,0.999962,0.000038,0.000000,0.000000
0.000000,1.000000,0.000000,0.000000,0.000000
0.000000,1.000000,0.000000,0.000000,0.000000
0.000000,1.000000,0.000000,0.000000,0.000000
0.000000,0.998926,0.000000,0.000000,0.001074
0.000000,1.000000,0.000000,0.000000,0.000000
0.000000,0.990796,0.000000,0.000000,0.009204
0.000000,1.000000,0.000000,0.000000,0.000000
0.000000,1.000000,0.000000,0.000000,0.000000
0.000000,1.000000,0.000000,0.000000,0.000000
0.000000,1.000000,0.000000,0.000000,0.000000
0.000000,1.000000,0.000000,0.000000,0.000000
0.000000,1.000000,0.000000,0.000000,0.000000
0.000000,0.999962,0.000038,0.000000,0.000000
0.000017,0.999934,0.000050,0.000000,0.000000
0.000000,1.000000,0.000000,0.000000,0.000000
0.000000,1.000000,0.000000,0.000000,0.000000
0.000000,1.000000,0.000000,0.000000,0.000000
0.000007,0.999993,0.000000,0.000000,0.000000
0.000000,1.000000,0.000000,0.000000,0.000000
0.000000,0.999981,0.000019,0.000000,0.000000
0.000016,0.999984,0.000000,0.000000,0.000000
0.000000,1.000000,0.000000,0.000000,0.000000
0.000016,0.999968,0.000016,0.000000,0.000000
0.000000,1.000000,0.000000,0.000000,0.000000
0.000000,1.000000,0.000000,0.000000,0.000000
0.000009,0.999927,0.000054,0.000000,0.000009
0.000000,1.000000,0.000000,0.000000,0.000000
0.000000,0.999929,0.000053,0.000000,0.000018
0.000000,1.000000,0.000000,0.000000,0.000000
0.000000,1.000000,0.000000,0.000000,0.000000
0.000000,0.999154,0.000846,0.000000,0.000000
0.000000,1.000000,0.000000,0.000000,0.000000
0.000000,1.000000,0.000000,0.000000,0.000000
0.000000,0.999895,0.000105,0.000000,0.000000
0.000009,0.999974,0.000018,0.000000,0.000000
0.000000,0.999952,0.000024,0.000000,0.000024
0.000000,0.999981,0.000019,0.000000,0.000000
0.000000,0.999973,0.000027,0.000000,0.000000
0.000000,1.000000,0.000000,0.000000,0.000000
0.000000,1.000000,0.000000,0.000000,0.000000
0.000000,1.000000,0.000000,0.000000,0.000000
0.000000,1.000000,0.000000,0.000000,0.000000
0.000000,1.000000,0.000000,0.000000,0.000000
0.000008,0.999992,0.000000,0.000000,0.000000
0.000000,1.000000,0.000000,0.000000,0.000000
0.000008,0.999798,0.000008,0.000000,0.000187
0.000000,1.000000,0.000000,0.000000,0.000000
0.000000,1.000000,0.000000,0.000000,0.000000
0.000000,0.999891,0.000109,0.000000,0.000000
0.000000,0.999156,0.000844,0.000000,0.000000
0.000000,0.999993,0.000007,0.000000,0.000000
0.000000,0.999982,0.000018,0.000000,0.000000
0.000000,1.000000,0.000000,0.000000,0.000000
0.000000,0.999992,0.000008,0.000000,0.000000
0.000000,1.000000,0.000000,0.000000,0.000000
0.000000,1.000000,0.000000,0.000000,0.000000
0.000009,0.999983,0.000000,0.000000,0.000009
0.000000,1.000000,0.000000,0.000000,0.000000
0.000000,1.000000,0.000000,0.000000,0.000000
0.000000,0.999475,0.000447,0.000000,0.000078
0.000000,0.999945,0.000037,0.000000,0.000018
0.000000,0.999984,0.000016,0.000000,0.000000
0.000000,0.999973,0.000027,0.000000,0.000000
0.000000,1.000000,0.000000,0.000000,0.000000
0.000016,0.999984,0.000000,0.000000,0.000000
0.000015,0.999985,0.000000,0.000000,0.000000
0.000000,0.999950,0.000050,0.000000,0.000000
0.000000,0.999993,0.000007,0.000000,0.000000
0.000000,1.000000,0.000000,0.000000,0.000000
0.000000,1.000000,0.000000,0.000000,0.000000
0.000000,1.000000,0.000000,0.000000,0.000000
0.000000,1.000000,0.000000,0.000000,0.000000
0.000000,1.000000,0.000000,0.000000,0.000000
0.000000,1.000000,0.000000,0.000000,0.000000
0.000007,0.999986,0.000007,0.000000,0.000000
0.000000,1.000000,0.000000,0.000000,0.000000
0.000000,1.000000,0.000000,0.000000,0.000000
0.000000,1.000000,0.000000,0.000000,0.000000
0.000000,0.999973,0.000027,0.000000,0.000000
0.000000,1.000000,0.000000,0.000000,0.000000
0.000000,1.000000,0.000000,0.000000,0.000000
0.000000,1.000000,0.000000,0.000000,0.000000
0.000000,1.000000,0.000000,0.000000,0.000000
0.000000,1.000000,0.000000,0.000000,0.000000
0.000000,0.999993,0.000007,0.000000,0.000000
0.000000,1.000000,0.000000,0.000000,0.000000
0.000000,1.000000,0.000000,0.000000,0.000000
0.000000,1.000000,0.000000,0.000000,0.000000
0.000000,1.000000,0.000000,0.000000,0.000000
0.000000,1.000000,0.000000,0.000000,0.000000
0.000000,1.000000,0.000000,0.000000,0.000000
0.000000,0.999984,0.000016,0.000000,0.000000
0.000008,0.999944,0.000048,0.000000,0.000000
0.000024,0.999952,0.000000,0.000000,0.000024
0.000000,0.999984,0.000016,0.000000,0.000000
0.000000,1.000000,0.000000,0.000000,0.000000
0.000000,1.000000,0.000000,0.000000,0.000000
0.000000,1.000000,0.000000,0.000000,0.000000
0.000000,0.999984,0.000016,0.000000,0.000000
0.000000,1.000000,0.000000,0.000000,0.000000
0.000000,1.000000,0.000000,0.000000,0.000000
0.000000,0.999993,0.000007,0.000000,0.000000
0.000008,0.999992,0.000000,0.000000,0.000000
0.000000,1.000000,0.000000,0.000000,0.000000
0.000000,1.000000,0.000000,0.000000,0.000000
0.000000,1.000000,0.000000,0.000000,0.000000
0.000000,1.000000,0.000000,0.000000,0.000000
0.000000,1.000000,0.000000,0.000000,0.000000
0.000000,0.999983,0.000017,0.000000,0.000000
0.000014,0.999986,0.000000,0.000000,0.000000
0.000000,0.999984,0.000016,0.000000,0.000000
0.000000,1.000000,0.000000,0.000000,0.000000
0.000000,1.000000,0.000000,0.000000,0.000000
0.000000,0.999887,0.000113,0.000000,0.000000
0.000008,0.999992,0.000000,0.000000,0.000000
0.000000,1.000000,0.000000,0.000000,0.000000
0.000000,1.000000,0.000000,0.000000,0.000000
0.000000,1.000000,0.000000,0.000000,0.000000
0.000000,1.000000,0.000000,0.000000,0.000000
0.000000,0.999983,0.000017,0.000000,0.000000
0.000000,1.000000,0.000000,0.000000,0.000000
0.000015,0.999985,0.000000,0.000000,0.000000
0.000006,0.999994,0.000000,0.000000,0.000000
0.000008,0.999992,0.000000,0.000000,0.000000
0.000000,0.999985,0.000015,0.000000,0.000000
0.000000,1.000000,0.000000,0.000000,0.000000
0.000000,0.999913,0.000052,0.000000,0.000035
0.000000,1.000000,0.000000,0.000000,0.000000
0.000000,1.000000,0.000000,0.000000,0.000000
0.000000,0.999416,0.000506,0.000000,0.000078
0.000000,1.000000,0.000000,0.000000,0.000000
0.000000,0.999982,0.000018,0.000000,0.000000
0.000007,0.999993,0.000000,0.000000,0.000000
0.000000,1.000000,0.000000,0.000000,0.000000
0.000000,1.000000,0.000000,0.000000,0.000000
0.000000,0.999983,0.000017,0.000000,0.000000
0.000016,0.999984,0.000000,0.000000,0.000000
0.000000,1.000000,0.000000,0.000000,0.000000
0.000008,0.999992,0.000000,0.000000,0.000000
0.000006,0.999994,0.000000,0.000000,0.000000
0.000000,0.999991,0.000009,0.000000,0.000000
0.000000,0.999947,0.000044,0.000000,0.000009
0.000000,0.999992,0.000000,0.000000,0.000008
0.000000,1.000000,0.000000,0.000000,0.000000
0.000000,1.000000,0.000000,0.000000,0.000000
0.000000,1.000000,0.000000,0.000000,0.000000
0.000000,1.000000,0.000000,0.000000,0.000000
0.000000,0.999965,0.000035,0.000000,0.000000
0.000000,1.000000,0.000000,0.000000,0.000000
0.000000,1.000000,0.000000,0.000000,0.000000
0.000000,0.999990,0.000000,0.000000,0.000010
0.000008,0.999983,0.000008,0.000000,0.000000
0.000008,0.999984,0.000008,0.000000,0.000000
0.000000,1.000000,0.000000,0.000000,0.000000
0.000007,0.999993,0.000000,0.000000,0.000000
0.000000,0.999967,0.000033,0.000000,0.000000
0.000000,0.999930,0.000052,0.000000,0.000017
0.000000,0.999991,0.000009,0.000000,0.000000
0.000010,0.999980,0.000000,0.000000,0.000010
0.000000,1.000000,0.000000,0.000000,0.000000
0.000000,1.000000,0.000000,0.000000,0.000000
0.000017,0.999983,0.000000,0.000000,0.000000
0.000000,1.000000,0.000000,0.000000,0.000000
0.000000,0.999947,0.000044,0.000000,0.000009
0.000000,1.000000,0.000000,0.000000,0.000000
0.000000,1.000000,0.000000,0.000000,0.000000
0.000000,1.000000,0.000000,0.000000,0.000000
0.000000,1.000000,0.000000,0.000000,0.000000
0.000000,1.000000,0.000000,0.000000,0.000000
0.000000,1.000000,0.000000,0.000000,0.000000
0.000000,0.999992,0.000000,0.000000,0.000008
0.000000,1.000000,0.000000,0.000000,0.000000
0.000000,1.000000,0.000000,0.000000,0.000000
0.000000,1.000000,0.000000,0.000000,0.000000
0.000000,1.000000,0.000000,0.000000,0.000000
0.000000,1.000000,0.000000,0.000000,0.000000
0.000000,1.000000,0.000000,0.000000,0.000000
0.000000,0.999891,0.000109,0.000000,0.000000
0.000000,1.000000,0.000000,0.000000,0.000000
0.000000,0.999893,0.000107,0.000000,0.000000
0.000013,0.999980,0.000007,0.000000,0.000000
0.000000,0.999982,0.000018,0.000000,0.000000
0.000000,1.000000,0.000000,0.000000,0.000000
0.000000,0.999888,0.000112,0.000000,0.000000
0.000000,0.999984,0.000016,0.000000,0.000000
0.000006,0.999994,0.000000,0.000000,0.000000
0.000000,1.000000,0.000000,0.000000,0.000000
0.000000,1.000000,0.000000,0.000000,0.000000
0.000012,0.999988,0.000000,0.000000,0.000000
0.000000,0.999805,0.000000,0.000000,0.000195
0.000007,0.999987,0.000007,0.000000,0.000000
0.000000,1.000000,0.000000,0.000000,0.000000
0.000018,0.999875,0.000107,0.000000,0.000000
0.000000,0.999880,0.000120,0.000000,0.000000
0.000000,1.000000,0.000000,0.000000,0.000000
0.000000,0.999983,0.000017,0.000000,0.000000
0.000000,1.000000,0.000000,0.000000,0.000000
0.000000,1.000000,0.000000,0.000000,0.000000
0.000000,1.000000,0.000000,0.000000,0.000000
0.000000,1.000000,0.000000,0.000000,0.000000
0.000000,1.000000,0.000000,0.000000,0.000000
0.000000,1.000000,0.000000,0.000000,0.000000
0.000000,1.000000,0.000000,0.000000,0.000000
0.000000,0.999976,0.000024,0.000000,0.000000
0.000000,1.000000,0.000000,0.000000,0.000000
0.000000,1.000000,0.000000,0.000000,0.000000
0.000000,1.000000,0.000000,0.000000,0.000000
0.000007,0.999993,0.000000,0.000000,0.000000
0.000010,0.999990,0.000000,0.000000,0.000000
0.000000,0.999998,0.000002,0.000000,0.000000
0.000001,0.999996,0.000001,0.000000,0.000001
0.000000,0.999998,0.000002,0.000000,0.000000
0.000002,0.999991,0.000007,0.000000,0.000000
0.000001,0.999997,0.000003,0.000000,0.000000
0.000000,0.999985,0.000014,0.000000,0.000001
0.000001,0.999571,0.000385,0.000006,0.000037
0.000002,0.999994,0.000004,0.000000,0.000000
0.000000,1.000000,0.000000,0.000000,0.000000
0.000001,0.999989,0.000008,0.000000,0.000001
0.000004,0.999987,0.000009,0.000000,0.000000
0.000000,0.999991,0.000009,0.000000,0.000000
0.000001,0.999913,0.000085,0.000001,0.000000
0.000000,0.999996,0.000004,0.000000,0.000000
0.000000,0.999992,0.000008,0.000000,0.000000
0.000001,0.999995,0.000004,0.000000,0.000000
0.000001,0.999994,0.000006,0.000000,0.000000
0.000001,0.999997,0.000002,0.000000,0.000000
0.000001,0.999990,0.000007,0.000000,0.000002
0.000002,0.999995,0.000002,0.000000,0.000000
0.000001,0.999860,0.000112,0.000003,0.000025
0.000000,0.999957,0.000032,0.000000,0.000010
0.000000,0.999998,0.000001,0.000000,0.000001
0.000000,0.999999,0.000001,0.000000,0.000000
0.000000,0.999974,0.000022,0.000000,0.000004
0.000001,0.999993,0.000006,0.000000,0.000000
0.000000,0.999999,0.000001,0.000000,0.000000
0.000000,0.999995,0.000005,0.000000,0.000000
0.000001,0.999983,0.000010,0.000001,0.000006
0.000002,0.999997,0.000001,0.000000,0.000000
0.000003,0.999995,0.000002,0.000000,0.000000
0.000001,0.999995,0.000004,0.000000,0.000000
0.000000,0.999992,0.000005,0.000000,0.000003
0.000001,0.999999,0.000000,0.000000,0.000000
0.000000,0.999994,0.000006,0.000000,0.000001
0.000000,0.999993,0.000007,0.000000,0.000000
0.000001,0.999997,0.000002,0.000000,0.000000
0.000000,0.999998,0.000002,0.000000,0.000000
0.000000,0.999996,0.000004,0.000000,0.000000
0.000000,0.999823,0.000162,0.000000,0.000015
0.000001,0.993999,0.005447,0.000108,0.000445
0.000001,0.999971,0.000024,0.000000,0.000003
0.000004,0.999988,0.000006,0.000000,0.000001
0.000000,0.999990,0.000010,0.000000,0.000000
0.000002,0.999995,0.000003,0.000000,0.000000
0.000001,0.999988,0.000010,0.000000,0.000001
0.000001,0.999985,0.000008,0.000000,0.000006
0.000000,0.999999,0.000001,0.000000,0.000000
0.000000,0.999967,0.000029,0.000000,0.000004
0.000001,0.999994,0.000005,0.000000,0.000000
0.000004,0.999992,0.000004,0.000000,0.000000
0.000002,0.999993,0.000005,0.000000,0.000000
0.000002,0.999997,0.000002,0.000000,0.000000
0.000001,0.999999,0.000000,0.000000,0.000000
0.000000,0.999999,0.000001,0.000000,0.000000
0.000002,0.999996,0.000002,0.000000,0.000000
0.000005,0.999988,0.000007,0.000000,0.000000
0.000000,0.999998,0.000002,0.000000,0.000000
0.000000,0.999940,0.000047,0.000001,0.000011
0.000002,0.999972,0.000022,0.000000,0.000005
