0.000000,1000.000000,0.000000,0.000000,0.000000
0.000000,2580000.000000,1000.000000,0.000000,0.000000
0.000000,1000.000000,0.000000,0.000000,0.000000
0.000000,9421000.000000,1000.000000,0.000000,0.000000
0.000000,1000.000000,0.000000,0.000000,0.000000
0.000000,1000.000000,0.000000,0.000000,0.000000
0.000000,1000.000000,0.000000,0.000000,0.000000
0.000000,5898000.000000,1000.000000,0.000000,0.000000
0.000000,1000.000000,0.000000,0.000000,0.000000
0.000000,1000.000000,0.000000,0.000000,0.000000
0.000000,1000.000000,0.000000,0.000000,0.000000
0.000000,1000.000000,0.000000,0.000000,0.000000
0.000000,2142600.000000,1000.000000,0.000000,0.000000
0.000000,1000.000000,0.000000,0.000000,0.000000
0.000000,1000.000000,0.000000,0.000000,0.000000
0.000000,1000.000000,0.000000,0.000000,0.000000
0.000000,1000.000000,0.000000,0.000000,0.000000
0.000000,3783666.666667,1000.000000,0.000000,0.000000
0.000000,1000.000000,0.000000,0.000000,0.000000
0.000000,6149000.000000,1000.000000,0.000000,0.000000
0.000000,4505500.000000,1000.000000,0.000000,0.000000
0.000000,1000.000000,0.000000,0.000000,0.000000
0.000000,1000.000000,0.000000,0.000000,0.000000
0.000000,2919857.142857,1000.000000,0.000000,0.000000
0.000000,1000.000000,0.000000,0.000000,0.000000
0.000000,1000.000000,0.000000,0.000000,0.000000
0.000000,1000.000000,0.000000,0.000000,0.000000
0.000000,4034000.000000,0.000000,0.000000,1000.000000
0.000000,1000.000000,0.000000,0.000000,0.000000
0.000000,1000.000000,0.000000,0.000000,0.000000
0.000000,1000.000000,0.000000,0.000000,0.000000
0.000000,1000.000000,0.000000,0.000000,0.000000
0.000000,1000.000000,0.000000,0.000000,0.000000
0.000000,1000.000000,0.000000,0.000000,0.000000
0.000000,1000.000000,0.000000,0.000000,0.000000
0.000000,1000.000000,0.000000,0.000000,0.000000
0.000000,1000.000000,0.000000,0.000000,0.000000
0.000000,1000.000000,0.000000,0.000000,0.000000
0.000000,1000.000000,0.000000,0.000000,0.000000
0.000000,1000.000000,0.000000,0.000000,0.000000
0.000000,1000.000000,0.000000,0.000000,0.000000
0.000000,1000.000000,0.000000,0.000000,0.000000
0.000000,1000.000000,0.000000,0.000000,0.000000
0.000000,1000.000000,0.000000,0.000000,0.000000
0.000000,1000.000000,0.000000,0.000000,0.000000
0.000000,1000.000000,0.000000,0.000000,0.000000
0.000000,1000.000000,0.000000,0.000000,0.000000
0.000000,1000.000000,0.000000,0.000000,0.000000
0.000000,1000.000000,0.000000,0.000000,0.000000
0.000000,1000.000000,0.000000,0.000000,0.000000
0.000000,1000.000000,0.000000,0.000000,0.000000
0.000000,1000.000000,0.000000,0.000000,0.000000
0.000000,1000.000000,0.000000,0.000000,0.000000
0.000000,1000.000000,0.000000,0.000000,0.000000
0.000000,1000.000000,0.000000,0.000000,0.000000
0.000000,1000.000000,0.000000,0.000000,0.000000
0.000000,1000.000000,0.000000,0.000000,0.000000
0.000000,1000.000000,0.000000,0.000000,0.000000
0.000000,1000.000000,0.000000,0.000000,0.000000
0.000000,1000.000000,0.000000,0.000000,0.000000
0.000000,5781000.000000,1000.000000,0.000000,0.000000
0.000000,1000.000000,0.000000,0.000000,0.000000
0.000000,1000.000000,0.000000,0.000000,0.000000
0.000000,1000.000000,0.000000,0.000000,0.000000
0.000000,1000.000000,0.000000,0.000000,0.000000
0.000000,545764.705882,1000.000000,0.000000,0.000000
0.000000,1000.000000,0.000000,0.000000,0.000000
0.000000,1000.000000,0.000000,0.000000,0.000000
0.000000,1000.000000,0.000000,0.000000,0.000000
0.000000,1000.000000,0.000000,0.000000,0.000000
0.000000,1000.000000,0.000000,0.000000,0.000000
0.000000,1000.000000,0.000000,0.000000,0.000000
0.000000,1000.000000,0.000000,0.000000,0.000000
0.000000,1000.000000,0.000000,0.000000,0.000000
0.000000,1000.000000,0.000000,0.000000,0.000000
0.000000,7372000.000000,1000.000000,0.000000,0.000000
0.000000,1000.000000,0.000000,0.000000,0.000000
0.000000,1000.000000,0.000000,0.000000,0.000000
0.000000,1000.000000,0.000000,0.000000,0.000000
0.000000,1000.000000,0.000000,0.000000,0.000000
0.000000,1000.000000,0.000000,0.000000,0.000000
0.000000,1000.000000,0.000000,0.000000,0.000000
0.000000,1000.000000,0.000000,0.000000,0.000000
0.000000,3013375.000000,1000.000000,0.000000,0.000000
0.000000,1000.000000,0.000000,0.000000,0.000000
0.000000,6400000.000000,1000.000000,0.000000,0.000000
0.000000,1000.000000,0.000000,0.000000,0.000000
0.000000,1000.000000,0.000000,0.000000,0.000000
0.000000,1000.000000,0.000000,0.000000,0.000000
0.000000,1000.000000,0.000000,0.000000,0.000000
0.000000,1000.000000,0.000000,0.000000,0.000000
0.000000,1000.000000,0.000000,0.000000,0.000000
0.000000,3601666.666667,1000.000000,0.000000,0.000000
0.000000,1000.000000,0.000000,0.000000,0.000000
0.000000,1000.000000,0.000000,0.000000,0.000000
0.000000,1000.000000,0.000000,0.000000,0.000000
0.000000,1000.000000,0.000000,0.000000,0.000000
0.000000,1000.000000,0.000000,0.000000,0.000000
0.000000,1000.000000,0.000000,0.000000,0.000000
0.000000,1000.000000,0.000000,0.000000,0.000000
0.000000,6284833.333333,1000.000000,0.000000,0.000000
0.000000,1000.000000,0.000000,0.000000,0.000000
0.000000,1000.000000,0.000000,0.000000,0.000000
0.000000,1000.000000,0.000000,0.000000,0.000000
0.000000,1000.000000,0.000000,0.000000,0.000000
0.000000,12210000.000000,1000.000000,0.000000,0.000000
0.000000,1000.000000,0.000000,0.000000,0.000000
0.000000,1000.000000,0.000000,0.000000,0.000000
0.000000,1000.000000,0.000000,0.000000,0.000000
0.000000,1000.000000,0.000000,0.000000,0.000000
0.000000,5176333.333333,1000.000000,0.000000,0.000000
0.000000,1000.000000,0.000000,0.000000,0.000000
0.000000,1000.000000,0.000000,0.000000,0.000000
0.000000,1000.000000,0.000000,0.000000,0.000000
0.000000,18384000.000000,1000.000000,0.000000,0.000000
0.000000,1000.000000,0.000000,0.000000,0.000000
0.000000,1408076.923077,1000.000000,0.000000,0.000000
0.000000,1000.000000,0.000000,0.000000,0.000000
0.000000,1000.000000,0.000000,0.000000,0.000000
0.000000,1000.000000,0.000000,0.000000,0.000000
0.000000,1000.000000,0.000000,0.000000,0.000000
0.000000,1000.000000,0.000000,0.000000,0.000000
0.000000,1000.000000,0.000000,0.000000,0.000000
0.000000,1000.000000,0.000000,0.000000,0.000000
0.000000,3721000.000000,1000.000000,0.000000,0.000000
0.000000,7209250.000000,1000.000000,0.000000,0.000000
0.000000,1000.000000,0.000000,0.000000,0.000000
0.000000,1000.000000,0.000000,0.000000,0.000000
0.000000,439440.000000,1000.000000,0.000000,0.000000
0.000000,1000.000000,0.000000,0.000000,0.000000
0.000000,1000.000000,0.000000,0.000000,0.000000
0.000000,1000.000000,0.000000,0.000000,0.000000
0.000000,1000.000000,0.000000,0.000000,0.000000
0.000000,1000.000000,0.000000,0.000000,0.000000
0.000000,1000.000000,0.000000,0.000000,0.000000
0.000000,1000.000000,0.000000,0.000000,0.000000
0.000000,1000.000000,0.000000,0.000000,0.000000
0.000000,62500.000000,0.000000,0.000000,1000.000000
0.000000,1000.000000,0.000000,0.000000,0.000000
0.000000,1000.000000,0.000000,0.000000,0.000000
0.000000,1000.000000,0.000000,0.000000,0.000000
0.000000,1000.000000,0.000000,0.000000,0.000000
0.000000,1000.000000,0.000000,0.000000,0.000000
0.000000,1070750.000000,1000.000000,0.000000,0.000000
0.000000,1000.000000,0.000000,0.000000,0.000000
0.000000,1000.000000,0.000000,0.000000,0.000000
0.000000,1000.000000,0.000000,0.000000,0.000000
0.000000,1000.000000,0.000000,0.000000,0.000000
0.000000,1000.000000,0.000000,0.000000,0.000000
0.000000,1000.000000,0.000000,0.000000,0.000000
0.000000,1000.000000,0.000000,0.000000,0.000000
0.000000,333833.333333,1000.000000,0.000000,0.000000
0.000000,2225000.000000,0.000000,0.000000,1000.000000
0.000000,1000.000000,0.000000,0.000000,0.000000
0.000000,1000.000000,0.000000,0.000000,0.000000
0.000000,1000.000000,0.000000,0.000000,0.000000
0.000000,1000.000000,0.000000,0.000000,0.000000
0.000000,1000.000000,0.000000,0.000000,0.000000
0.000000,1000.000000,0.000000,0.000000,0.000000
0.000000,1000.000000,0.000000,0.000000,0.000000
0.000000,1000.000000,0.000000,0.000000,0.000000
0.000000,1000.000000,0.000000,0.000000,0.000000
0.000000,1000.000000,0.000000,0.000000,0.000000
0.000000,3198000.000000,1000.000000,0.000000,0.000000
0.000000,1000.000000,0.000000,0.000000,0.000000
0.000000,180461.538462,923.076923,0.000000,76.923077
0.000000,1000.000000,0.000000,0.000000,0.000000
0.000000,1000.000000,0.000000,0.000000,0.000000
0.000000,1000.000000,0.000000,0.000000,0.000000
0.000000,1000.000000,0.000000,0.000000,0.000000
0.000000,1000.000000,0.000000,0.000000,0.000000
0.000000,1000.000000,0.000000,0.000000,0.000000
0.000000,1000.000000,0.000000,0.000000,0.000000
0.000000,1000.000000,0.000000,0.000000,0.000000
0.000000,1000.000000,0.000000,0.000000,0.000000
0.000000,1000.000000,0.000000,0.000000,0.000000
0.000000,1000.000000,0.000000,0.000000,0.000000
0.000000,1000.000000,0.000000,0.000000,0.000000
0.000000,1000.000000,0.000000,0.000000,0.000000
0.000000,1000.000000,0.000000,0.000000,0.000000
0.000000,1000.000000,0.000000,0.000000,0.000000
943.396226,4846075.471698,37.735849,0.000000,18.867925
25.477707,3824273.885350,745.222930,0.000000,229.299363
0.000000,1000.000000,0.000000,0.000000,0.000000
400.000000,43085000.000000,200.000000,0.000000,400.000000
206.896552,13037310.344828,689.655172,0.000000,103.448276
917.525773,13095175.257732,72.164948,0.000000,10.309278
0.000000,222611.464968,961.783439,0.000000,38.216561
434.782609,7717478.260870,304.347826,0.000000,260.869565
0.000000,1000.000000,0.000000,0.000000,0.000000
660.000000,6752150.000000,300.000000,0.000000,40.000000
461.538462,34453384.615385,307.692308,0.000000,230.769231
500.000000,22070857.142857,357.142857,0.000000,142.857143
4.672897,1475827.102804,658.878505,11.682243,324.766355
0.000000,28060000.000000,1000.000000,0.000000,0.000000
998.980632,532809.378186,1.019368,0.000000,0.000000
705.882353,28987411.764706,176.470588,0.000000,117.647059
100.000000,5466750.000000,316.666667,0.000000,583.333333
0.000000,59171000.000000,0.000000,0.000000,1000.000000
0.000000,1000.000000,0.000000,0.000000,0.000000
700.000000,15724400.000000,33.333333,0.000000,266.666667
71.428571,33054071.428571,785.714286,0.000000,142.857143
909.090909,22607090.909091,45.454545,0.000000,45.454545
910.569106,3655406.504065,73.170732,0.000000,16.260163
0.000000,988366.336634,752.475248,0.000000,247.524752
0.000000,576318.181818,484.848485,0.000000,515.151515
30.666667,698648.000000,705.333333,1.333333,262.666667
7.751938,389596.899225,472.868217,0.000000,519.379845
0.000000,5294777.777778,666.666667,0.000000,333.333333
997.702206,294046.875000,0.919118,0.000000,1.378676
916.779738,90610.583446,77.792854,0.000000,5.427408
0.000000,61229000.000000,1000.000000,0.000000,0.000000
142.857143,61006285.714286,571.428571,0.000000,285.714286
142.857143,25954714.285714,571.428571,0.000000,285.714286
333.333333,11126500.000000,166.666667,0.000000,500.000000
990.461049,535193.958665,7.949126,0.000000,1.589825
741.324921,237421.661409,228.180862,0.000000,30.494217
3.533569,691789.163722,804.475854,0.000000,191.990577
885.714286,7259428.571429,85.714286,0.000000,28.571429
727.272727,3561090.909091,220.779221,0.000000,51.948052
90.163934,1548557.377049,606.557377,0.000000,303.278689
80.000000,11266040.000000,800.000000,0.000000,120.000000
0.000000,40385000.000000,1000.000000,0.000000,0.000000
470.588235,25365117.647059,352.941176,0.000000,176.470588
987.447699,2051983.263598,0.000000,0.000000,12.552301
0.000000,1000.000000,0.000000,0.000000,0.000000
0.000000,1000.000000,0.000000,0.000000,0.000000
0.000000,1000.000000,0.000000,0.000000,0.000000
0.000000,1000.000000,0.000000,0.000000,0.000000
250.000000,3700500.000000,500.000000,0.000000,250.000000
0.000000,1000.000000,0.000000,0.000000,0.000000
0.000000,12483000.000000,1000.000000,0.000000,0.000000
0.000000,1000.000000,0.000000,0.000000,0.000000
0.000000,1586666.666667,733.333333,0.000000,266.666667
0.000000,1000.000000,0.000000,0.000000,0.000000
0.000000,468432.432432,945.945946,0.000000,54.054054
0.000000,1000.000000,0.000000,0.000000,0.000000
0.000000,1000.000000,0.000000,0.000000,0.000000
0.000000,1000.000000,0.000000,0.000000,0.000000
0.000000,1000.000000,0.000000,0.000000,0.000000
0.000000,1000.000000,0.000000,0.000000,0.000000
0.000000,1000.000000,0.000000,0.000000,0.000000
0.000000,1000.000000,0.000000,0.000000,0.000000
0.000000,1000.000000,0.000000,0.000000,0.000000
0.000000,1000.000000,0.000000,0.000000,0.000000
0.000000,1000.000000,0.000000,0.000000,0.000000
0.000000,1000.000000,0.000000,0.000000,0.000000
0.000000,1000.000000,0.000000,0.000000,0.000000
0.000000,1000.000000,0.000000,0.000000,0.000000
0.000000,1000.000000,0.000000,0.000000,0.000000
0.000000,1000.000000,0.000000,0.000000,0.000000
0.000000,1000.000000,0.000000,0.000000,0.000000
0.000000,10985000.000000,1000.000000,0.000000,0.000000
0.000000,11264000.000000,0.000000,0.000000,1000.000000
0.000000,1000.000000,0.000000,0.000000,0.000000
0.000000,1000.000000,0.000000,0.000000,0.000000
0.000000,3902800.000000,0.000000,0.000000,1000.000000
0.000000,1000.000000,0.000000,0.000000,0.000000
0.000000,1000.000000,0.000000,0.000000,0.000000
0.000000,1000.000000,0.000000,0.000000,0.000000
0.000000,1000.000000,0.000000,0.000000,0.000000
0.000000,1000.000000,0.000000,0.000000,0.000000
0.000000,1000.000000,0.000000,0.000000,0.000000
0.000000,1000.000000,0.000000,0.000000,0.000000
1000.000000,10491000.000000,0.000000,0.000000,0.000000
0.000000,7112500.000000,1000.000000,0.000000,0.000000
0.000000,1000.000000,0.000000,0.000000,0.000000
0.000000,1000.000000,0.000000,0.000000,0.000000
0.000000,44406000.000000,1000.000000,0.000000,0.000000
0.000000,16415000.000000,0.000000,0.000000,1000.000000
0.000000,1000.000000,0.000000,0.000000,0.000000
0.000000,1000.000000,0.000000,0.000000,0.000000
0.000000,1000.000000,0.000000,0.000000,0.000000
0.000000,11780500.000000,1000.000000,0.000000,0.000000
0.000000,1000.000000,0.000000,0.000000,0.000000
0.000000,2107100.000000,0.000000,0.000000,1000.000000
1000.000000,6929714.285714,0.000000,0.000000,0.000000
0.000000,1000.000000,0.000000,0.000000,0.000000
0.000000,1000.000000,0.000000,0.000000,0.000000
0.000000,1000.000000,0.000000,0.000000,0.000000
0.000000,1000.000000,0.000000,0.000000,0.000000
0.000000,1000.000000,0.000000,0.000000,0.000000
0.000000,10727333.333333,0.000000,0.000000,1000.000000
0.000000,1000.000000,0.000000,0.000000,0.000000
0.000000,1000.000000,0.000000,0.000000,0.000000
0.000000,1000.000000,0.000000,0.000000,0.000000
0.000000,1000.000000,0.000000,0.000000,0.000000
0.000000,1000.000000,0.000000,0.000000,0.000000
0.000000,1000.000000,0.000000,0.000000,0.000000
0.000000,1000.000000,0.000000,0.000000,0.000000
0.000000,1000.000000,0.000000,0.000000,0.000000
0.000000,1000.000000,0.000000,0.000000,0.000000
0.000000,1000.000000,0.000000,0.000000,0.000000
0.000000,1000.000000,0.000000,0.000000,0.000000
0.000000,1000.000000,0.000000,0.000000,0.000000
0.000000,1000.000000,0.000000,0.000000,0.000000
0.000000,502526.315789,26.315789,0.000000,973.684211
0.000000,1000.000000,0.000000,0.000000,0.000000
0.000000,1000.000000,0.000000,0.000000,0.000000
0.000000,910190.476190,0.000000,0.000000,1000.000000
0.000000,1000.000000,0.000000,0.000000,0.000000
0.000000,6548000.000000,0.000000,0.000000,1000.000000
0.000000,1000.000000,0.000000,0.000000,0.000000
0.000000,1000.000000,0.000000,0.000000,0.000000
0.000000,16102500.000000,500.000000,0.000000,500.000000
0.000000,1000.000000,0.000000,0.000000,0.000000
0.000000,1000.000000,0.000000,0.000000,0.000000
0.000000,1000.000000,0.000000,0.000000,0.000000
0.000000,1000.000000,0.000000,0.000000,0.000000
0.000000,3313571.428571,0.000000,0.000000,1000.000000
0.000000,1000.000000,0.000000,0.000000,0.000000
0.000000,1000.000000,0.000000,0.000000,0.000000
0.000000,1000.000000,0.000000,0.000000,0.000000
600.000000,17174800.000000,400.000000,0.000000,0.000000
1000.000000,96559000.000000,0.000000,0.000000,0.000000
0.000000,41262000.000000,500.000000,0.000000,500.000000
0.000000,10563875.000000,875.000000,0.000000,125.000000
878.048780,2025317.073171,97.560976,24.390244,0.000000
0.000000,11679571.428571,1000.000000,0.000000,0.000000
0.000000,28913333.333333,1000.000000,0.000000,0.000000
0.000000,4182947.368421,1000.000000,0.000000,0.000000
0.000000,6127875.000000,1000.000000,0.000000,0.000000
750.000000,4148750.000000,250.000000,0.000000,0.000000
0.000000,24034250.000000,750.000000,0.000000,250.000000
0.000000,1000.000000,0.000000,0.000000,0.000000
782.608696,3864173.913043,173.913043,0.000000,43.478261
0.000000,83748000.000000,1000.000000,0.000000,0.000000
375.000000,12974625.000000,375.000000,0.000000,250.000000
0.000000,93319000.000000,1000.000000,0.000000,0.000000
0.000000,3338500.000000,833.333333,0.000000,166.666667
0.000000,1842224.489796,795.918367,0.000000,204.081633
250.000000,21144250.000000,500.000000,0.000000,250.000000
0.000000,11197750.000000,1000.000000,0.000000,0.000000
272.727273,8086818.181818,636.363636,0.000000,90.909091
0.000000,1000.000000,0.000000,0.000000,0.000000
0.000000,1000.000000,0.000000,0.000000,0.000000
0.000000,1000.000000,0.000000,0.000000,0.000000
0.000000,1000.000000,0.000000,0.000000,0.000000
0.000000,1000.000000,0.000000,0.000000,0.000000
0.000000,90000.000000,0.000000,1000.000000,0.000000
0.000000,1000.000000,0.000000,0.000000,0.000000
0.000000,52000.000000,0.000000,1000.000000,0.000000
0.000000,1000.000000,0.000000,0.000000,0.000000
0.000000,1000.000000,0.000000,0.000000,0.000000
0.000000,1000.000000,0.000000,0.000000,0.000000
0.000000,1000.000000,0.000000,0.000000,0.000000
0.000000,1000.000000,0.000000,0.000000,0.000000
0.000000,1000.000000,0.000000,0.000000,0.000000
0.000000,1000.000000,0.000000,0.000000,0.000000
0.000000,1000.000000,0.000000,0.000000,0.000000
0.000000,1000.000000,0.000000,0.000000,0.000000
0.000000,1000.000000,0.000000,0.000000,0.000000
0.000000,1000.000000,0.000000,0.000000,0.000000
0.000000,1000.000000,0.000000,0.000000,0.000000
0.000000,1000.000000,0.000000,0.000000,0.000000
0.000000,1000.000000,0.000000,0.000000,0.000000
0.000000,1000.000000,0.000000,0.000000,0.000000
0.000000,1000.000000,0.000000,0.000000,0.000000
0.000000,1000.000000,0.000000,0.000000,0.000000
0.000000,1000.000000,0.000000,0.000000,0.000000
0.000000,1000.000000,0.000000,0.000000,0.000000
0.000000,1000.000000,0.000000,0.000000,0.000000
0.000000,1000.000000,0.000000,0.000000,0.000000
0.000000,1000.000000,0.000000,0.000000,0.000000
0.000000,1000.000000,0.000000,0.000000,0.000000
0.000000,1000.000000,0.000000,0.000000,0.000000
0.000000,1000.000000,0.000000,0.000000,0.000000
0.000000,1000.000000,0.000000,0.000000,0.000000
0.000000,1000.000000,0.000000,0.000000,0.000000
0.000000,1000.000000,0.000000,0.000000,0.000000
0.000000,86000.000000,0.000000,1000.000000,0.000000
0.000000,1000.000000,0.000000,0.000000,0.000000
0.000000,1000.000000,0.000000,0.000000,0.000000
0.000000,1000.000000,0.000000,0.000000,0.000000
0.000000,1000.000000,0.000000,0.000000,0.000000
0.000000,1000.000000,0.000000,0.000000,0.000000
0.000000,1000.000000,0.000000,0.000000,0.000000
0.000000,1000.000000,0.000000,0.000000,0.000000
0.000000,1000.000000,0.000000,0.000000,0.000000
0.000000,1000.000000,0.000000,0.000000,0.000000
0.000000,1000.000000,0.000000,0.000000,0.000000
0.000000,1000.000000,0.000000,0.000000,0.000000
0.000000,1000.000000,0.000000,0.000000,0.000000
0.000000,51000.000000,0.000000,1000.000000,0.000000
0.000000,1000.000000,0.000000,0.000000,0.000000
0.000000,1000.000000,0.000000,0.000000,0.000000
0.000000,1000.000000,0.000000,0.000000,0.000000
0.000000,1000.000000,0.000000,0.000000,0.000000
0.000000,1000.000000,0.000000,0.000000,0.000000
0.000000,21500.000000,0.000000,1000.000000,0.000000
0.000000,1000.000000,0.000000,0.000000,0.000000
0.000000,68000.000000,0.000000,1000.000000,0.000000
0.000000,75000.000000,0.000000,1000.000000,0.000000
0.000000,1000.000000,0.000000,0.000000,0.000000
0.000000,1000.000000,0.000000,0.000000,0.000000
0.000000,1000.000000,0.000000,0.000000,0.000000
0.000000,1000.000000,0.000000,0.000000,0.000000
0.000000,1000.000000,0.000000,0.000000,0.000000
0.000000,1000.000000,0.000000,0.000000,0.000000
0.000000,15000.000000,0.000000,1000.000000,0.000000
0.000000,1000.000000,0.000000,0.000000,0.000000
0.000000,23500.000000,0.000000,1000.000000,0.000000
0.000000,1000.000000,0.000000,0.000000,0.000000
0.000000,1000.000000,0.000000,0.000000,0.000000
0.000000,1000.000000,0.000000,0.000000,0.000000
0.000000,1000.000000,0.000000,0.000000,0.000000
0.000000,1000.000000,0.000000,0.000000,0.000000
0.000000,1000.000000,0.000000,0.000000,0.000000
0.000000,1000.000000,0.000000,0.000000,0.000000
0.000000,1000.000000,0.000000,0.000000,0.000000
0.000000,1000.000000,0.000000,0.000000,0.000000
0.000000,1000.000000,0.000000,0.000000,0.000000
0.000000,1000.000000,0.000000,0.000000,0.000000
0.000000,1000.000000,0.000000,0.000000,0.000000
0.000000,1000.000000,0.000000,0.000000,0.000000
0.000000,20000.000000,0.000000,1000.000000,0.000000
0.000000,31000.000000,0.000000,1000.000000,0.000000
0.000000,1000.000000,0.000000,0.000000,0.000000
0.000000,1000.000000,0.000000,0.000000,0.000000
0.000000,7500.000000,0.000000,1000.000000,0.000000
0.000000,1000.000000,0.000000,0.000000,0.000000
0.000000,1000.000000,0.000000,0.000000,0.000000
0.000000,1000.000000,0.000000,0.000000,0.000000
0.000000,1000.000000,0.000000,0.000000,0.000000
0.000000,1000.000000,0.000000,0.000000,0.000000
0.000000,1000.000000,0.000000,0.000000,0.000000
0.000000,1000.000000,0.000000,0.000000,0.000000
0.000000,32000.000000,0.000000,1000.000000,0.000000
0.000000,1000.000000,0.000000,0.000000,0.000000
0.000000,1000.000000,0.000000,0.000000,0.000000
0.000000,1000.000000,0.000000,0.000000,0.000000
0.000000,1000.000000,0.000000,0.000000,0.000000
0.000000,1000.000000,0.000000,0.000000,0.000000
0.000000,1000.000000,0.000000,0.000000,0.000000
0.000000,1000.000000,0.000000,0.000000,0.000000
0.000000,1000.000000,0.000000,0.000000,0.000000
0.000000,1000.000000,0.000000,0.000000,0.000000
0.000000,1000.000000,0.000000,0.000000,0.000000
0.000000,16000.000000,0.000000,1000.000000,0.000000
0.000000,1000.000000,0.000000,0.000000,0.000000
0.000000,60000.000000,0.000000,1000.000000,0.000000
0.000000,1000.000000,0.000000,0.000000,0.000000
0.000000,1000.000000,0.000000,0.000000,0.000000
0.000000,1000.000000,0.000000,0.000000,0.000000
0.000000,1000.000000,0.000000,0.000000,0.000000
0.000000,22500.000000,0.000000,1000.000000,0.000000
0.000000,1000.000000,0.000000,0.000000,0.000000
0.000000,47000.000000,0.000000,1000.000000,0.000000
0.000000,1000.000000,0.000000,0.000000,0.000000
0.000000,1000.000000,0.000000,0.000000,0.000000
0.000000,1000.000000,0.000000,0.000000,0.000000
0.000000,1000.000000,0.000000,0.000000,0.000000
0.000000,1000.000000,0.000000,0.000000,0.000000
0.000000,20000.000000,0.000000,1000.000000,0.000000
0.000000,1000.000000,0.000000,0.000000,0.000000
0.000000,1000.000000,0.000000,0.000000,0.000000
0.000000,1000.000000,0.000000,0.000000,0.000000
0.000000,1000.000000,0.000000,0.000000,0.000000
0.000000,1000.000000,0.000000,0.000000,0.000000
0.000000,1000.000000,0.000000,0.000000,0.000000
0.000000,1000.000000,0.000000,0.000000,0.000000
0.000000,1000.000000,0.000000,0.000000,0.000000
0.000000,1000.000000,0.000000,0.000000,0.000000
0.000000,1000.000000,0.000000,0.000000,0.000000
0.000000,1000.000000,0.000000,0.000000,0.000000
0.000000,1000.000000,0.000000,0.000000,0.000000
0.000000,1000.000000,0.000000,0.000000,0.000000
0.000000,1000.000000,0.000000,0.000000,0.000000
0.000000,1000.000000,0.000000,0.000000,0.000000
0.000000,1000.000000,0.000000,0.000000,0.000000
0.000000,17500.000000,0.000000,1000.000000,0.000000
0.000000,1000.000000,0.000000,0.000000,0.000000
0.000000,1000.000000,0.000000,0.000000,0.000000
0.000000,1000.000000,0.000000,0.000000,0.000000
0.000000,167639761.904762,571.428571,0.000000,428.571429
0.000000,11001973.684210,959.064327,0.000000,40.935673
0.000000,7181284.872299,866.404715,0.000000,133.595285
0.000000,16808290.748899,995.594714,0.000000,4.405286
0.000000,30741120.967742,967.741935,0.000000,32.258065
0.000000,32204385.826772,968.503937,0.000000,31.496063
0.000000,69157190.476191,984.126984,0.000000,15.873016
0.000000,15599637.362637,989.010989,0.000000,10.989011
0.000000,71339000.000000,0.000000,1000.000000,0.000000
0.000000,200986750.000000,750.000000,0.000000,250.000000
0.000000,1000.000000,0.000000,0.000000,0.000000
0.000000,1000.000000,0.000000,0.000000,0.000000
0.000000,24037000.000000,1000.000000,0.000000,0.000000
0.000000,1000.000000,0.000000,0.000000,0.000000
0.000000,1000.000000,0.000000,0.000000,0.000000
0.000000,1000.000000,0.000000,0.000000,0.000000
0.000000,24328500.000000,0.000000,0.000000,1000.000000
0.000000,1000.000000,0.000000,0.000000,0.000000
0.000000,1000.000000,0.000000,0.000000,0.000000
0.000000,1000.000000,0.000000,0.000000,0.000000
0.000000,1000.000000,0.000000,0.000000,0.000000
0.000000,130646000.000000,0.000000,0.000000,1000.000000
0.000000,1000.000000,0.000000,0.000000,0.000000
0.000000,1000.000000,0.000000,0.000000,0.000000
500.000000,27790000.000000,0.000000,0.000000,500.000000
1000.000000,48236000.000000,0.000000,0.000000,0.000000
0.000000,49467000.000000,1000.000000,0.000000,0.000000
0.000000,1000.000000,0.000000,0.000000,0.000000
1000.000000,50794000.000000,0.000000,0.000000,0.000000
0.000000,1000.000000,0.000000,0.000000,0.000000
0.000000,1000.000000,0.000000,0.000000,0.000000
0.000000,26657500.000000,500.000000,0.000000,500.000000
1000.000000,22383500.000000,0.000000,0.000000,0.000000
1000.000000,43345000.000000,0.000000,0.000000,0.000000
0.000000,1000.000000,0.000000,0.000000,0.000000
0.000000,1000.000000,0.000000,0.000000,0.000000
666.666667,72673000.000000,333.333333,0.000000,0.000000
0.000000,1000.000000,0.000000,0.000000,0.000000
0.000000,1000.000000,0.000000,0.000000,0.000000
1000.000000,116253000.000000,0.000000,0.000000,0.000000
0.000000,1000.000000,0.000000,0.000000,0.000000
0.000000,1000.000000,0.000000,0.000000,0.000000
0.000000,1000.000000,0.000000,0.000000,0.000000
0.000000,1000.000000,0.000000,0.000000,0.000000
0.000000,1000.000000,0.000000,0.000000,0.000000
0.000000,1000.000000,0.000000,0.000000,0.000000
0.000000,1000.000000,0.000000,0.000000,0.000000
0.000000,1000.000000,0.000000,0.000000,0.000000
0.000000,1000.000000,0.000000,0.000000,0.000000
0.000000,1000.000000,0.000000,0.000000,0.000000
1000.000000,46531000.000000,0.000000,0.000000,0.000000
0.000000,1000.000000,0.000000,0.000000,0.000000
0.000000,1000.000000,0.000000,0.000000,0.000000
1000.000000,62266000.000000,0.000000,0.000000,0.000000
0.000000,1000.000000,0.000000,0.000000,0.000000
0.000000,1000.000000,0.000000,0.000000,0.000000
500.000000,25282000.000000,500.000000,0.000000,0.000000
0.000000,1000.000000,0.000000,0.000000,0.000000
0.000000,1000.000000,0.000000,0.000000,0.000000
0.000000,1000.000000,0.000000,0.000000,0.000000
0.000000,1000.000000,0.000000,0.000000,0.000000
0.000000,1000.000000,0.000000,0.000000,0.000000
1000.000000,32448500.000000,0.000000,0.000000,0.000000
1000.000000,60048000.000000,0.000000,0.000000,0.000000
0.000000,53851000.000000,0.000000,0.000000,1000.000000
0.000000,1000.000000,0.000000,0.000000,0.000000
1000.000000,51372000.000000,0.000000,0.000000,0.000000
0.000000,1000.000000,0.000000,0.000000,0.000000
0.000000,1000.000000,0.000000,0.000000,0.000000
1000.000000,61067000.000000,0.000000,0.000000,0.000000
0.000000,1000.000000,0.000000,0.000000,0.000000
0.000000,1000.000000,0.000000,0.000000,0.000000
0.000000,1000.000000,0.000000,0.000000,0.000000
0.000000,24196000.000000,500.000000,0.000000,500.000000
0.000000,26613500.000000,0.000000,0.000000,1000.000000
1000.000000,40090000.000000,0.000000,0.000000,0.000000
0.000000,1000.000000,0.000000,0.000000,0.000000
0.000000,1000.000000,0.000000,0.000000,0.000000
0.000000,1000.000000,0.000000,0.000000,0.000000
0.000000,47297000.000000,0.000000,0.000000,1000.000000
0.000000,1000.000000,0.000000,0.000000,0.000000
0.000000,1000.000000,0.000000,0.000000,0.000000
0.000000,1000.000000,0.000000,0.000000,0.000000
0.000000,1000.000000,0.000000,0.000000,0.000000
0.000000,1000.000000,0.000000,0.000000,0.000000
0.000000,12935666.666667,0.000000,1000.000000,0.000000
0.000000,1000.000000,0.000000,0.000000,0.000000
0.000000,1000.000000,0.000000,0.000000,0.000000
0.000000,28161500.000000,500.000000,0.000000,500.000000
0.000000,1000.000000,0.000000,0.000000,0.000000
0.000000,1000.000000,0.000000,0.000000,0.000000
0.000000,39080000.000000,0.000000,0.000000,1000.000000
0.000000,1000.000000,0.000000,0.000000,0.000000
0.000000,1000.000000,0.000000,0.000000,0.000000
0.000000,1000.000000,0.000000,0.000000,0.000000
0.000000,1000.000000,0.000000,0.000000,0.000000
0.000000,1000.000000,0.000000,0.000000,0.000000
0.000000,1000.000000,0.000000,0.000000,0.000000
0.000000,1000.000000,0.000000,0.000000,0.000000
0.000000,1000.000000,0.000000,0.000000,0.000000
0.000000,26464500.000000,500.000000,0.000000,500.000000
0.000000,1000.000000,0.000000,0.000000,0.000000
333.333333,18848666.666667,333.333333,0.000000,333.333333
0.000000,1000.000000,0.000000,0.000000,0.000000
0.000000,1000.000000,0.000000,0.000000,0.000000
0.000000,23385.279188,613.705584,0.000000,386.294416
0.000000,1000.000000,0.000000,0.000000,0.000000
0.000000,1000.000000,0.000000,0.000000,0.000000
0.000000,1000.000000,0.000000,0.000000,0.000000
0.000000,1000.000000,0.000000,0.000000,0.000000
0.000000,1000.000000,0.000000,0.000000,0.000000
0.000000,1000.000000,0.000000,0.000000,0.000000
0.000000,1000.000000,0.000000,0.000000,0.000000
0.000000,61785000.000000,1000.000000,0.000000,0.000000
500.000000,23309500.000000,500.000000,0.000000,0.000000
0.000000,1000.000000,0.000000,0.000000,0.000000
0.000000,1000.000000,0.000000,0.000000,0.000000
1000.000000,46174000.000000,0.000000,0.000000,0.000000
0.000000,1000.000000,0.000000,0.000000,0.000000
1000.000000,47561000.000000,0.000000,0.000000,0.000000
1000.000000,45589000.000000,0.000000,0.000000,0.000000
0.000000,1000.000000,0.000000,0.000000,0.000000
0.000000,1000.000000,0.000000,0.000000,0.000000
0.000000,1000.000000,0.000000,0.000000,0.000000
0.000000,1000.000000,0.000000,0.000000,0.000000
0.000000,1000.000000,0.000000,0.000000,0.000000
1000.000000,48513000.000000,0.000000,0.000000,0.000000
0.000000,1000.000000,0.000000,0.000000,0.000000
0.000000,26609500.000000,500.000000,0.000000,500.000000
1000.000000,44579000.000000,0.000000,0.000000,0.000000
0.000000,1000.000000,0.000000,0.000000,0.000000
0.000000,1000.000000,0.000000,0.000000,0.000000
0.000000,1000.000000,0.000000,0.000000,0.000000
0.000000,1000.000000,0.000000,0.000000,0.000000
0.000000,1000.000000,0.000000,0.000000,0.000000
0.000000,1000.000000,0.000000,0.000000,0.000000
1000.000000,61550000.000000,0.000000,0.000000,0.000000
0.000000,13022666.666667,0.000000,1000.000000,0.000000
0.000000,1000.000000,0.000000,0.000000,0.000000
0.000000,1000.000000,0.000000,0.000000,0.000000
0.000000,1000.000000,0.000000,0.000000,0.000000
0.000000,1000.000000,0.000000,0.000000,0.000000
0.000000,106657.142857,0.000000,0.000000,1000.000000
0.000000,37623000.000000,1000.000000,0.000000,0.000000
0.000000,1000.000000,0.000000,0.000000,0.000000
0.000000,1000.000000,0.000000,0.000000,0.000000
0.000000,1000.000000,0.000000,0.000000,0.000000
0.000000,1000.000000,0.000000,0.000000,0.000000
0.000000,1000.000000,0.000000,0.000000,0.000000
0.000000,1000.000000,0.000000,0.000000,0.000000
0.000000,53068000.000000,1000.000000,0.000000,0.000000
0.000000,1000.000000,0.000000,0.000000,0.000000
0.000000,1000.000000,0.000000,0.000000,0.000000
1000.000000,45563000.000000,0.000000,0.000000,0.000000
0.000000,1000.000000,0.000000,0.000000,0.000000
0.000000,1000.000000,0.000000,0.000000,0.000000
0.000000,1000.000000,0.000000,0.000000,0.000000
0.000000,905954.545455,0.000000,0.000000,1000.000000
0.000000,1000.000000,0.000000,0.000000,0.000000
0.000000,1000.000000,0.000000,0.000000,0.000000
1000.000000,49174000.000000,0.000000,0.000000,0.000000
0.000000,1000.000000,0.000000,0.000000,0.000000
0.000000,1000.000000,0.000000,0.000000,0.000000
0.000000,1000.000000,0.000000,0.000000,0.000000
0.000000,1000.000000,0.000000,0.000000,0.000000
0.000000,1000.000000,0.000000,0.000000,0.000000
1000.000000,37300000.000000,0.000000,0.000000,0.000000
0.000000,51475000.000000,0.000000,0.000000,1000.000000
1000.000000,25333000.000000,0.000000,0.000000,0.000000
0.000000,1000.000000,0.000000,0.000000,0.000000
0.000000,1000.000000,0.000000,0.000000,0.000000
0.000000,47139000.000000,0.000000,0.000000,1000.000000
0.000000,1000.000000,0.000000,0.000000,0.000000
0.000000,1000.000000,0.000000,0.000000,0.000000
0.000000,1000.000000,0.000000,0.000000,0.000000
0.000000,1000.000000,0.000000,0.000000,0.000000
0.000000,1000.000000,0.000000,0.000000,0.000000
1000.000000,47349000.000000,0.000000,0.000000,0.000000
1000.000000,46334000.000000,0.000000,0.000000,0.000000
0.000000,1000.000000,0.000000,0.000000,0.000000
0.000000,1000.000000,0.000000,0.000000,0.000000
0.000000,1000.000000,0.000000,0.000000,0.000000
0.000000,1000.000000,0.000000,0.000000,0.000000
0.000000,1000.000000,0.000000,0.000000,0.000000
0.000000,1000.000000,0.000000,0.000000,0.000000
0.000000,1000.000000,0.000000,0.000000,0.000000
0.000000,1000.000000,0.000000,0.000000,0.000000
0.000000,1000.000000,0.000000,0.000000,0.000000
0.000000,1000.000000,0.000000,0.000000,0.000000
0.000000,1000.000000,0.000000,0.000000,0.000000
0.000000,51584000.000000,1000.000000,0.000000,0.000000
0.000000,56685000.000000,1000.000000,0.000000,0.000000
0.000000,1000.000000,0.000000,0.000000,0.000000
0.000000,1000.000000,0.000000,0.000000,0.000000
0.000000,1000.000000,0.000000,0.000000,0.000000
0.000000,20186000.000000,1000.000000,0.000000,0.000000
0.000000,51737000.000000,0.000000,0.000000,1000.000000
0.000000,20540000.000000,1000.000000,0.000000,0.000000
0.000000,1000.000000,0.000000,0.000000,0.000000
0.000000,24345000.000000,500.000000,0.000000,500.000000
0.000000,1000.000000,0.000000,0.000000,0.000000
0.000000,1000.000000,0.000000,0.000000,0.000000
0.000000,1000.000000,0.000000,0.000000,0.000000
0.000000,1000.000000,0.000000,0.000000,0.000000
0.000000,63072000.000000,1000.000000,0.000000,0.000000
0.000000,1000.000000,0.000000,0.000000,0.000000
0.000000,3936000.000000,0.000000,0.000000,1000.000000
0.000000,1000.000000,0.000000,0.000000,0.000000
1000.000000,38951000.000000,0.000000,0.000000,0.000000
0.000000,1000.000000,0.000000,0.000000,0.000000
0.000000,38414000.000000,1000.000000,0.000000,0.000000
0.000000,1000.000000,0.000000,0.000000,0.000000
0.000000,46425000.000000,1000.000000,0.000000,0.000000
0.000000,1000.000000,0.000000,0.000000,0.000000
0.000000,1000.000000,0.000000,0.000000,0.000000
0.000000,1000.000000,0.000000,0.000000,0.000000
0.000000,1000.000000,0.000000,0.000000,0.000000
500.000000,26637000.000000,500.000000,0.000000,0.000000
0.000000,1000.000000,0.000000,0.000000,0.000000
0.505817,23503.793627,616.084977,0.000000,383.409206
0.000000,1000.000000,0.000000,0.000000,0.000000
0.000000,1000.000000,0.000000,0.000000,0.000000
0.000000,1000.000000,0.000000,0.000000,0.000000
0.000000,1000.000000,0.000000,0.000000,0.000000
0.000000,1000.000000,0.000000,0.000000,0.000000
0.000000,1000.000000,0.000000,0.000000,0.000000
0.000000,48465000.000000,0.000000,0.000000,1000.000000
0.000000,1000.000000,0.000000,0.000000,0.000000
0.000000,1000.000000,0.000000,0.000000,0.000000
0.000000,1000.000000,0.000000,0.000000,0.000000
0.000000,26301500.000000,1000.000000,0.000000,0.000000
0.000000,1000.000000,0.000000,0.000000,0.000000
0.000000,1000.000000,0.000000,0.000000,0.000000
0.000000,1000.000000,0.000000,0.000000,0.000000
0.000000,929813.953488,0.000000,0.000000,1000.000000
0.000000,1000.000000,0.000000,0.000000,0.000000
0.000000,107652.173913,0.000000,0.000000,1000.000000
0.000000,1000.000000,0.000000,0.000000,0.000000
0.000000,1000.000000,0.000000,0.000000,0.000000
0.000000,1000.000000,0.000000,0.000000,0.000000
0.000000,1000.000000,0.000000,0.000000,0.000000
0.000000,1000.000000,0.000000,0.000000,0.000000
0.000000,1000.000000,0.000000,0.000000,0.000000
0.000000,26358000.000000,1000.000000,0.000000,0.000000
250.000000,15086750.000000,750.000000,0.000000,0.000000
0.000000,1000.000000,0.000000,0.000000,0.000000
0.000000,1000.000000,0.000000,0.000000,0.000000
0.000000,1000.000000,0.000000,0.000000,0.000000
1000.000000,137393000.000000,0.000000,0.000000,0.000000
0.000000,1000.000000,0.000000,0.000000,0.000000
0.000000,52357500.000000,1000.000000,0.000000,0.000000
1000.000000,62251500.000000,0.000000,0.000000,0.000000
0.000000,1000.000000,0.000000,0.000000,0.000000
500.000000,31661500.000000,500.000000,0.000000,0.000000
0.000000,1000.000000,0.000000,0.000000,0.000000
0.000000,1000.000000,0.000000,0.000000,0.000000
125.000000,13784250.000000,750.000000,0.000000,125.000000
0.000000,1000.000000,0.000000,0.000000,0.000000
0.000000,14152500.000000,750.000000,0.000000,250.000000
0.000000,1000.000000,0.000000,0.000000,0.000000
0.000000,1000.000000,0.000000,0.000000,0.000000
0.000000,1181409.836066,1000.000000,0.000000,0.000000
0.000000,1000.000000,0.000000,0.000000,0.000000
0.000000,1000.000000,0.000000,0.000000,0.000000
0.000000,9552538.461538,1000.000000,0.000000,0.000000
333.333333,37972333.333333,666.666667,0.000000,0.000000
0.000000,20973000.000000,500.000000,0.000000,500.000000
0.000000,52450500.000000,1000.000000,0.000000,0.000000
0.000000,36623333.333333,1000.000000,0.000000,0.000000
0.000000,1000.000000,0.000000,0.000000,0.000000
0.000000,1000.000000,0.000000,0.000000,0.000000
0.000000,1000.000000,0.000000,0.000000,0.000000
0.000000,1000.000000,0.000000,0.000000,0.000000
0.000000,1000.000000,0.000000,0.000000,0.000000
1000.000000,131346000.000000,0.000000,0.000000,0.000000
0.000000,1000.000000,0.000000,0.000000,0.000000
38.461538,4939807.692308,38.461538,0.000000,923.076923
0.000000,1000.000000,0.000000,0.000000,0.000000
0.000000,1000.000000,0.000000,0.000000,0.000000
0.000000,9173500.000000,1000.000000,0.000000,0.000000
0.000000,1184459.016393,1000.000000,0.000000,0.000000
0.000000,137510000.000000,1000.000000,0.000000,0.000000
0.000000,54419500.000000,1000.000000,0.000000,0.000000
0.000000,1000.000000,0.000000,0.000000,0.000000
0.000000,119944000.000000,1000.000000,0.000000,0.000000
0.000000,1000.000000,0.000000,0.000000,0.000000
0.000000,1000.000000,0.000000,0.000000,0.000000
500.000000,58070000.000000,0.000000,0.000000,500.000000
0.000000,1000.000000,0.000000,0.000000,0.000000
0.000000,1000.000000,0.000000,0.000000,0.000000
0.000000,1905333.333333,851.851852,0.000000,148.148148
0.000000,18248500.000000,666.666667,0.000000,333.333333
0.000000,62331000.000000,1000.000000,0.000000,0.000000
0.000000,37403000.000000,1000.000000,0.000000,0.000000
0.000000,1000.000000,0.000000,0.000000,0.000000
1000.000000,63966000.000000,0.000000,0.000000,0.000000
1000.000000,65629500.000000,0.000000,0.000000,0.000000
0.000000,20079000.000000,1000.000000,0.000000,0.000000
0.000000,152966000.000000,1000.000000,0.000000,0.000000
0.000000,1000.000000,0.000000,0.000000,0.000000
0.000000,1000.000000,0.000000,0.000000,0.000000
0.000000,1000.000000,0.000000,0.000000,0.000000
0.000000,1000.000000,0.000000,0.000000,0.000000
0.000000,1000.000000,0.000000,0.000000,0.000000
0.000000,1000.000000,0.000000,0.000000,0.000000
500.000000,71263500.000000,500.000000,0.000000,0.000000
0.000000,1000.000000,0.000000,0.000000,0.000000
0.000000,1000.000000,0.000000,0.000000,0.000000
0.000000,1000.000000,0.000000,0.000000,0.000000
0.000000,37380000.000000,1000.000000,0.000000,0.000000
0.000000,1000.000000,0.000000,0.000000,0.000000
0.000000,1000.000000,0.000000,0.000000,0.000000
0.000000,1000.000000,0.000000,0.000000,0.000000
0.000000,1000.000000,0.000000,0.000000,0.000000
0.000000,1000.000000,0.000000,0.000000,0.000000
0.000000,142127000.000000,1000.000000,0.000000,0.000000
0.000000,1000.000000,0.000000,0.000000,0.000000
0.000000,1000.000000,0.000000,0.000000,0.000000
0.000000,1000.000000,0.000000,0.000000,0.000000
0.000000,1000.000000,0.000000,0.000000,0.000000
0.000000,1000.000000,0.000000,0.000000,0.000000
0.000000,1000.000000,0.000000,0.000000,0.000000
0.000000,63123000.000000,1000.000000,0.000000,0.000000
142.857143,17737714.285714,857.142857,0.000000,0.000000
500.000000,20904000.000000,0.000000,0.000000,500.000000
0.000000,62846000.000000,1000.000000,0.000000,0.000000
0.000000,1000.000000,0.000000,0.000000,0.000000
0.000000,1000.000000,0.000000,0.000000,0.000000
0.000000,1000.000000,0.000000,0.000000,0.000000
0.000000,62099000.000000,1000.000000,0.000000,0.000000
0.000000,1000.000000,0.000000,0.000000,0.000000
0.000000,1000.000000,0.000000,0.000000,0.000000
0.000000,137116000.000000,1000.000000,0.000000,0.000000
1000.000000,129611000.000000,0.000000,0.000000,0.000000
0.000000,1000.000000,0.000000,0.000000,0.000000
0.000000,1000.000000,0.000000,0.000000,0.000000
0.000000,1000.000000,0.000000,0.000000,0.000000
0.000000,1000.000000,0.000000,0.000000,0.000000
0.000000,1000.000000,0.000000,0.000000,0.000000
0.000000,57583000.000000,1000.000000,0.000000,0.000000
1000.000000,72562000.000000,0.000000,0.000000,0.000000
0.000000,64307000.000000,1000.000000,0.000000,0.000000
0.000000,1000.000000,0.000000,0.000000,0.000000
0.000000,1000.000000,0.000000,0.000000,0.000000
0.000000,8881692.307692,1000.000000,0.000000,0.000000
1000.000000,129379000.000000,0.000000,0.000000,0.000000
0.000000,1000.000000,0.000000,0.000000,0.000000
0.000000,1000.000000,0.000000,0.000000,0.000000
0.000000,1000.000000,0.000000,0.000000,0.000000
0.000000,1000.000000,0.000000,0.000000,0.000000
0.000000,58133000.000000,1000.000000,0.000000,0.000000
0.000000,1000.000000,0.000000,0.000000,0.000000
1000.000000,65730000.000000,0.000000,0.000000,0.000000
1000.000000,165912000.000000,0.000000,0.000000,0.000000
1000.000000,120643000.000000,0.000000,0.000000,0.000000
0.000000,64532000.000000,1000.000000,0.000000,0.000000
0.000000,1000.000000,0.000000,0.000000,0.000000
0.000000,11549000.000000,600.000000,0.000000,400.000000
0.000000,1000.000000,0.000000,0.000000,0.000000
0.000000,1000.000000,0.000000,0.000000,0.000000
0.000000,1710233.333333,866.666667,0.000000,133.333333
0.000000,1000.000000,0.000000,0.000000,0.000000
0.000000,55387000.000000,1000.000000,0.000000,0.000000
1000.000000,135495000.000000,0.000000,0.000000,0.000000
0.000000,1000.000000,0.000000,0.000000,0.000000
0.000000,1000.000000,0.000000,0.000000,0.000000
0.000000,58445000.000000,1000.000000,0.000000,0.000000
1000.000000,62640000.000000,0.000000,0.000000,0.000000
0.000000,1000.000000,0.000000,0.000000,0.000000
1000.000000,125182000.000000,0.000000,0.000000,0.000000
1000.000000,165274000.000000,0.000000,0.000000,0.000000
0.000000,107081000.000000,1000.000000,0.000000,0.000000
0.000000,18805833.333333,833.333333,0.000000,166.666667
0.000000,130901000.000000,0.000000,0.000000,1000.000000
0.000000,1000.000000,0.000000,0.000000,0.000000
0.000000,1000.000000,0.000000,0.000000,0.000000
0.000000,1000.000000,0.000000,0.000000,0.000000
0.000000,1000.000000,0.000000,0.000000,0.000000
0.000000,28210000.000000,1000.000000,0.000000,0.000000
0.000000,1000.000000,0.000000,0.000000,0.000000
0.000000,1000.000000,0.000000,0.000000,0.000000
0.000000,97587000.000000,0.000000,0.000000,1000.000000
500.000000,60489000.000000,500.000000,0.000000,0.000000
500.000000,62477500.000000,500.000000,0.000000,0.000000
0.000000,1000.000000,0.000000,0.000000,0.000000
1000.000000,141258000.000000,0.000000,0.000000,0.000000
0.000000,30241000.000000,1000.000000,0.000000,0.000000
0.000000,14385750.000000,750.000000,0.000000,250.000000
0.000000,106859000.000000,1000.000000,0.000000,0.000000
500.000000,48906500.000000,0.000000,0.000000,500.000000
0.000000,1000.000000,0.000000,0.000000,0.000000
0.000000,1000.000000,0.000000,0.000000,0.000000
1000.000000,60330000.000000,0.000000,0.000000,0.000000
0.000000,1000.000000,0.000000,0.000000,0.000000
0.000000,18856666.666667,833.333333,0.000000,166.666667
0.000000,1000.000000,0.000000,0.000000,0.000000
0.000000,1000.000000,0.000000,0.000000,0.000000
0.000000,1000.000000,0.000000,0.000000,0.000000
0.000000,1000.000000,0.000000,0.000000,0.000000
0.000000,1000.000000,0.000000,0.000000,0.000000
0.000000,1000.000000,0.000000,0.000000,0.000000
0.000000,131236000.000000,0.000000,0.000000,1000.000000
0.000000,1000.000000,0.000000,0.000000,0.000000
0.000000,1000.000000,0.000000,0.000000,0.000000
0.000000,1000.000000,0.000000,0.000000,0.000000
0.000000,1000.000000,0.000000,0.000000,0.000000
0.000000,1000.000000,0.000000,0.000000,0.000000
0.000000,1000.000000,0.000000,0.000000,0.000000
0.000000,9145666.666667,1000.000000,0.000000,0.000000
0.000000,1000.000000,0.000000,0.000000,0.000000
0.000000,9335833.333333,1000.000000,0.000000,0.000000
666.666667,51144000.000000,333.333333,0.000000,0.000000
0.000000,55121000.000000,1000.000000,0.000000,0.000000
0.000000,1000.000000,0.000000,0.000000,0.000000
0.000000,8891857.142857,1000.000000,0.000000,0.000000
0.000000,63648000.000000,1000.000000,0.000000,0.000000
1000.000000,155613000.000000,0.000000,0.000000,0.000000
0.000000,1000.000000,0.000000,0.000000,0.000000
0.000000,1000.000000,0.000000,0.000000,0.000000
1000.000000,85317000.000000,0.000000,0.000000,0.000000
0.000000,5124040.000000,0.000000,0.000000,1000.000000
500.000000,74976500.000000,500.000000,0.000000,0.000000
0.000000,1000.000000,0.000000,0.000000,0.000000
142.857143,8024714.285714,857.142857,0.000000,0.000000
0.000000,8328285.714286,1000.000000,0.000000,0.000000
0.000000,1000.000000,0.000000,0.000000,0.000000
0.000000,58323000.000000,1000.000000,0.000000,0.000000
0.000000,1000.000000,0.000000,0.000000,0.000000
0.000000,1000.000000,0.000000,0.000000,0.000000
0.000000,1000.000000,0.000000,0.000000,0.000000
0.000000,1000.000000,0.000000,0.000000,0.000000
0.000000,1000.000000,0.000000,0.000000,0.000000
0.000000,1000.000000,0.000000,0.000000,0.000000
0.000000,1000.000000,0.000000,0.000000,0.000000
0.000000,41004666.666667,1000.000000,0.000000,0.000000
0.000000,1000.000000,0.000000,0.000000,0.000000
0.000000,1000.000000,0.000000,0.000000,0.000000
0.000000,1000.000000,0.000000,0.000000,0.000000
1000.000000,141739000.000000,0.000000,0.000000,0.000000
1000.000000,102476000.000000,0.000000,0.000000,0.000000
0.000000,456425500.000000,1000.000000,0.000000,0.000000
333.333333,245244333.333333,333.333333,0.000000,333.333333
0.000000,436398500.000000,1000.000000,0.000000,0.000000
200.000000,107191800.000000,800.000000,0.000000,0.000000
200.000000,300284400.000000,800.000000,0.000000,0.000000
0.000000,66298692.307692,923.076923,0.000000,76.923077
1.612903,2330575.806452,898.387097,14.516129,85.483871
375.000000,175154875.000000,625.000000,0.000000,0.000000
0.000000,1000.000000,0.000000,0.000000,0.000000
125.000000,92887125.000000,750.000000,0.000000,125.000000
300.000000,75737400.000000,700.000000,0.000000,0.000000
0.000000,114844428.571429,1000.000000,0.000000,0.000000
16.949153,11531677.966102,974.576271,8.474576,0.000000
0.000000,285084250.000000,1000.000000,0.000000,0.000000
0.000000,127930500.000000,1000.000000,0.000000,0.000000
200.000000,205098000.000000,800.000000,0.000000,0.000000
83.333333,165842166.666667,916.666667,0.000000,0.000000
250.000000,389597250.000000,750.000000,0.000000,0.000000
111.111111,100705111.111111,666.666667,0.000000,222.222222
500.000000,200083750.000000,500.000000,0.000000,0.000000
4.950495,7126881.188119,797.029703,19.801980,178.217822
0.000000,23351222.222222,755.555556,0.000000,244.444444
0.000000,594803500.000000,500.000000,0.000000,500.000000
0.000000,869087000.000001,1000.000000,0.000000,0.000000
0.000000,38559333.333333,833.333333,0.000000,166.666667
200.000000,142299800.000000,800.000000,0.000000,0.000000
0.000000,710079000.000001,1000.000000,0.000000,0.000000
0.000000,193673125.000000,1000.000000,0.000000,0.000000
38.461538,58398538.461539,576.923077,38.461538,346.153846
750.000000,305233750.000000,250.000000,0.000000,0.000000
666.666667,199631000.000000,333.333333,0.000000,0.000000
285.714286,192899428.571429,714.285714,0.000000,0.000000
0.000000,122703375.000000,625.000000,0.000000,375.000000
1000.000000,834707000.000001,0.000000,0.000000,0.000000
0.000000,156747500.000000,875.000000,0.000000,125.000000
0.000000,149879500.000000,1000.000000,0.000000,0.000000
333.333333,325574000.000000,666.666667,0.000000,0.000000
0.000000,421075666.666667,1000.000000,0.000000,0.000000
0.000000,232512750.000000,1000.000000,0.000000,0.000000
0.000000,5657792.207792,915.584416,0.000000,84.415584
0.165139,165637.519610,907.687226,17.917596,74.230039
38.461538,34721461.538461,846.153846,0.000000,115.384615
375.000000,86424875.000000,500.000000,0.000000,125.000000
0.000000,96156000.000000,1000.000000,0.000000,0.000000
333.333333,221415000.000000,666.666667,0.000000,0.000000
55.555556,82313555.555556,833.333333,0.000000,111.111111
95.238095,68632523.809524,523.809524,0.000000,380.952381
0.000000,875209000.000001,1000.000000,0.000000,0.000000
0.000000,30172866.666667,866.666667,0.000000,133.333333
142.857143,175182142.857143,857.142857,0.000000,0.000000
500.000000,132819750.000000,500.000000,0.000000,0.000000
250.000000,143302125.000000,750.000000,0.000000,0.000000
500.000000,305026000.000000,500.000000,0.000000,0.000000
1000.000000,912684000.000001,0.000000,0.000000,0.000000
0.000000,1346360000.000000,1000.000000,0.000000,0.000000
500.000000,269137000.000000,500.000000,0.000000,0.000000
416.666667,86821166.666667,583.333333,0.000000,0.000000
0.000000,605248500.000000,1000.000000,0.000000,0.000000
0.000000,16760083.333333,785.714286,23.809524,190.476190
55.555556,35707777.777778,777.777778,0.000000,166.666667
